2212
2927
368
873
2858
3148
4284
512
1578
3696
4198
1129
1858
889
2305
2257
4953
513
3663
2263
3022
2714
2361
759
1914
2595
4402
4494
2006
479
26
1180
4482
1079
1376
3253
4236
3187
3179
2929
1137
2323
2868
2396
4182
3486
2009
3276
579
3928
2825
3706
4836
1509
3991
2187
572
2679
2389
2387
3505
4963
1984
2520
2038
2492
840
1197
4493
562
2805
3547
191
3534
4525
2766
1248
698
4412
4649
3482
1894
405
2385
4245
183
4733
878
4416
4999
3869
3618
4305
3291
310
4914
2181
287
4456
1115
2992
3923
3181
3365
1840
1012
2230
516
1772
4049
2225
643
2541
3443
1896
4227
1949
2615
1736
2483
2601
4057
1032
4727
3724
622
1166
3335
4018
2785
4444
2145
2824
3467
4476
3103
3934
2321
276
3448
677
126
442
3792
4177
882
3410
4603
597
4897
3120
2030
4625
278
3860
1975
2698
1095
4678
2664
4106
2495
1469
2418
2477
4460
3796
2045
1195
390
630
1644
2608
157
576
116
4916
262
4033
4210
1606
4388
828
2583
3662
2700
1048
4166
3659
1133
1989
3236
1996
1645
4039
4246
4943
3749
1627
3840
2960
4722
778
3947
372
4580
4670
3891
4804
4627
4129
422
4699
3274
2872
2099
2487
2227
16
4012
285
1046
3301
2318
2874
3698
1517
2548
4809
1651
4945
1909
4518
608
600
955
2097
148
4255
3261
8
3101
4315
2075
2778
4159
2139
167
2118
1450
864
1475
2622
976
1971
4705
1258
943
1037
1013
286
1162
1151
3520
2343
3311
2195
1109
4784
2417
3513
1555
200
4256
3802
3608
483
3444
210
4066
3674
1851
4128
4052
735
3056
129
3496
174
3992
4478
4703
667
702
4815
1461
2163
4222
2530
3551
1355
2381
3616
3603
4101
2542
2916
4043
4850
2114
4034
1759
4310
4353
2309
996
1252
2231
3360
757
2945
137
2159
2569
1410
4019
3325
3199
549
3571
2289
1019
1994
1297
792
195
3310
768
766
3909
3780
3170
332
492
3942
2290
3597
294
743
1267
293
833
2909
4796
470
2957
2511
1786
2539
4516
1910
1318
1588
3395
252
2796
218
3138
1008
2301
4486
3535
3757
3118
3431
4065
4173
4324
3937
3635
3034
2055
1328
2590
3006
780
2912
4457
3011
723
1877
2420
985
3912
1044
4924
2274
2441
4354
3969
4930
1943
4299
1673
3722
1813
3790
1838
2383
440
1473
394
534
1663
3137
1387
903
1357
595
906
2631
1585
413
2985
1792
2798
767
941
209
548
2728
71
2918
4640
4473
2841
3984
4620
514
4021
1972
2896
2127
2069
4537
2953
4927
1425
818
3821
74
4112
2696
3117
2394
965
980
360
3642
642
2903
2673
297
4817
2359
3680
3586
2602
2061
1530
4413
189
4650
4137
1064
3539
3499
4993
583
575
2949
1460
1564
3644
3857
2676
4668
2134
1642
3230
4215
620
2196
4036
1005
1299
4104
4060
2371
3694
4334
4439
4781
2073
3041
4758
1988
4279
4336
1420
4869
2311
4908
2863
2329
1483
3852
2534
2020
1789
3990
300
53
1397
2016
364
4053
2930
2931
3294
1302
2643
1906
160
2967
115
4748
4799
3252
823
705
4513
3654
1059
2473
2373
1978
1222
4385
354
2579
2948
3542
3549
1763
2048
343
2156
4351
3383
1141
1155
4109
2628
1501
145
133
2808
290
3489
2386
3451
2149
1942
1639
2965
2834
4208
4549
804
1921
3344
308
2102
1132
4103
945
1780
4448
3112
879
3192
3837
774
626
2104
1230
1009
267
719
3953
1679
4972
1442
2410
3028
770
248
402
1443
313
3718
2256
4830
3429
3905
1382
2200
729
2760
4574
1856
4554
2506
3468
2658
871
3721
4239
1675
3470
4837
4858
2754
4380
420
3
2543
3100
2821
2436
374
2243
1954
247
3716
1111
2914
2088
1067
3037
4964
730
4352
711
3079
2888
4795
3650
1419
1401
3939
2206
2166
3216
3469
3202
3611
4392
3203
2768
3836
3043
1742
3592
269
2746
295
3104
473
3380
3372
378
4228
3624
525
3464
1556
1981
1862
3366
556
590
581
1014
2042
1272
3686
3968
791
910
3883
3287
779
3664
4081
863
1548
3445
2592
438
1176
3528
4978
3122
987
4531
4139
2036
250
915
3892
4801
4337
4485
4029
2376
309
2587
2586
79
1885
2144
4459
3494
2213
1891
2237
2752
4691
2298
1998
4544
4745
4186
1864
2236
224
3503
1750
2527
2735
2647
1423
3379
2460
1422
2514
2258
1587
1174
2823
3012
3316
2616
367
4503
3280
1424
3615
3030
699
3055
430
2725
3963
4831
2640
4952
3763
2915
1269
1371
4517
3337
1502
1636
90
3154
3378
4498
876
3762
4548
4197
1822
4749
3766
4417
478
1154
1499
4720
2905
4341
10
918
3134
4387
1875
3263
2331
1731
1261
1622
1843
2784
3637
3349
2285
4495
2116
1890
4335
3652
2291
1395
2452
12
1986
3578
179
1923
3000
4479
872
2424
1099
1518
3798
1926
2802
4233
1715
4037
3091
3895
1657
648
1753
3446
1694
4374
4925
3454
3566
381
4464
2920
1170
3343
3867
3345
4042
1936
485
655
1722
4223
3096
419
1728
4712
627
4243
1716
1187
932
1907
2353
1842
822
4717
193
3385
3272
2415
2852
1873
4213
2409
3326
1844
461
2944
1889
3119
3040
3772
3010
493
1093
2846
4619
4571
2098
4552
3789
3328
3719
2039
1160
2137
3411
3478
4642
967
4438
2028
3283
1771
1902
2822
3466
401
3020
1128
3442
4918
4253
2764
249
2255
4241
3588
2528
3816
4771
656
2095
854
2393
4695
4327
2980
2618
2850
1464
84
1678
353
4572
1535
1520
3614
4773
1236
3524
107
1734
3962
1719
1239
475
4386
177
3917
3596
3784
3846
3042
4306
2208
1121
4046
1892
335
1255
1035
651
45
716
1528
2449
4301
3184
1265
974
3865
3881
1030
3781
4601
4876
1597
1348
4014
2814
4512
4766
219
1632
1220
3389
1995
3247
1415
4146
2110
3711
2964
4614
4349
1616
2435
3354
4659
204
2034
1812
1959
853
4967
675
861
17
3604
1846
1480
1194
1688
2713
2977
384
1793
445
1946
4859
3509
809
1532
4143
2440
2857
2476
2388
1122
636
1979
4152
1490
722
3171
1836
3826
3657
3352
4941
466
2022
1281
2179
2319
2382
867
168
4569
1767
3084
4977
1459
4328
4300
1455
465
1757
3136
4843
36
4
4810
2079
3713
3737
4723
3989
4958
1660
993
4283
763
1795
4985
3210
4674
1883
1516
2013
4787
228
135
2781
4090
3506
4880
1888
547
3178
20
4468
132
4852
3364
4390
152
3879
2736
4622
564
2117
4102
3976
4171
4000
29
1361
551
3893
4956
341
1628
1563
3859
3845
1254
1438
4076
3759
2732
1330
3896
2716
3334
3452
1389
4909
3477
1437
2849
1699
91
4610
2275
298
3525
2320
1279
2933
748
2908
4862
805
4786
3275
1053
4613
2958
1486
4070
592
1075
1143
1084
2
4890
885
895
1717
1774
299
3622
1533
2267
948
4121
570
1937
2717
3876
4140
2308
2392
1611
3231
4994
282
2488
4268
4024
3894
2871
578
434
1161
2648
3047
3176
4954
2969
926
1794
952
2326
48
1200
2935
2610
4396
4079
3159
330
2250
904
3708
1118
4868
2897
3944
1626
1102
1605
3938
4509
3595
4813
3183
953
1676
488
2538
4364
2598
2637
1368
710
457
4271
2706
3480
4632
326
454
3949
616
2107
1619
2792
3066
3822
2582
1514
2832
1519
2486
3321
1958
3265
4960
3260
3215
2026
123
1054
2668
3521
961
924
245
2984
81
515
3958
3132
1572
1063
2480
1352
2402
2164
4117
1485
2310
4863
2731
3507
3583
4605
3770
4917
4522
733
4282
3212
1769
4688
320
3235
2844
3095
4471
329
1332
2017
2513
2413
3849
1513
668
658
1022
2989
4990
1091
2940
2692
4142
227
1930
3975
4615
3090
4389
3472
4296
4092
4756
2214
3036
4585
4515
1814
2509
4753
1179
138
3897
4281
3666
4879
67
3111
1244
1078
348
2687
1317
645
4499
744
639
3402
1609
240
2474
3775
535
4162
707
3634
4031
3264
2613
2742
3740
4891
1412
3914
139
2999
3875
260
4824
366
1029
3023
3309
2078
609
899
369
2317
1493
2218
1444
2923
4432
4411
3067
1546
4169
234
4377
3877
1270
2419
4440
2092
1590
6
4501
647
3304
1584
4687
1117
4483
3164
1021
3818
3453
2552
765
3868
2748
4008
2626
316
2433
40
2056
1083
1077
3619
3329
1770
2739
2205
3087
4923
3844
4860
391
2074
2148
3758
2600
192
2811
3651
362
4346
4762
3697
3808
4010
223
3756
2854
2997
3501
2287
3237
4750
3900
355
1612
1898
1381
1669
1847
3649
2986
1370
1240
521
503
615
1576
333
3457
3153
2847
2532
2172
2910
2795
1857
4098
3946
1146
4067
3014
2830
1581
817
3902
3299
4216
4579
3400
3517
4536
85
1082
1125
2719
3128
3233
1435
3554
4415
3481
3582
363
2380
4316
3709
794
1071
2399
4621
846
266
1287
3678
4436
2660
2262
435
134
4905
3559
358
1108
2302
37
2462
3005
3645
4155
4409
4127
2549
432
1681
3771
4922
970
3377
3945
4288
3558
984
2875
2516
3548
3653
1390
3332
1379
4369
3594
1737
3681
1001
1263
927
3129
1453
2328
2024
2366
4987
3201
4657
2340
229
2217
603
4502
1315
4058
3993
4035
1221
3455
3044
3573
2995
3284
3219
1662
3691
2767
3026
3806
150
4062
2286
431
4913
1417
263
306
3371
2467
3774
1739
4904
4156
1322
4462
3340
4731
2634
2412
3161
4414
4119
35
2490
1264
1224
1754
131
4684
4827
2557
3831
2080
4617
4437
4266
4735
1096
415
1169
270
4022
3670
679
173
2447
4163
4542
3591
19
4545
4600
4739
4818
4294
1233
2780
4257
1806
3995
758
2239
4138
4736
4902
2838
4472
4853
1388
4638
87
838
1178
2620
522
3062
4948
1878
1349
738
3425
1656
3089
1534
3057
646
280
4534
2173
4309
524
4209
518
2405
2128
2182
1225
1827
2191
2184
633
635
2560
4526
4677
4726
4808
4663
4195
3560
3160
214
4961
3760
2432
3510
2934
4955
1692
3151
393
1232
3899
3331
1367
4933
4760
4016
1594
2783
3628
777
3158
3810
1863
2109
5
4792
3815
912
4275
2238
1150
584
773
1366
1768
2913
56
1142
1697
2651
3424
4441
969
4453
3752
15
3907
1503
1112
2065
1057
1175
4788
3250
901
452
2667
4391
1253
4469
2865
2126
3488
2482
3955
3904
3033
1944
4240
1992
1661
1629
1372
3303
1591
1741
2744
3908
4470
1342
2235
3633
1693
2201
4397
265
3980
3008
4662
4496
4690
3809
762
2234
396
4280
4164
3476
2932
3692
2562
4637
1025
181
2395
1344
4582
1703
4488
3964
988
4038
3209
1043
417
3418
4340
4656
2121
4778
2115
464
3576
3727
841
3019
1377
1080
1259
2150
1223
4970
1825
3540
93
4641
3884
2203
3735
4089
2033
2627
4484
1648
4458
4937
3324
1985
3126
2444
1484
3059
4319
951
4308
4895
2512
893
4141
4822
745
3778
695
1000
890
426
946
674
3847
3288
1206
1482
1751
3053
1340
2589
3497
1251
2314
2171
505
1682
3730
2084
1929
412
676
1668
2090
1704
2704
1552
4176
3015
960
1829
4785
4132
3804
528
1565
3748
3373
3602
1498
2168
1604
2682
2261
3302
4096
3843
1201
4428
4591
3369
2936
4504
4395
1928
4965
3077
1383
2469
62
937
803
4342
4558
820
4543
2531
3514
1215
2723
2494
4765
4889
3245
3182
2867
1257
4507
4764
4938
557
2125
1538
3320
2891
108
2423
1791
1113
2580
356
3675
3289
1087
1961
18
994
1941
2892
2885
2567
2709
4550
3638
1331
428
2378
4398
1449
50
1617
1658
649
4874
3805
3777
4344
4099
1762
2693
1570
3533
739
3530
1542
98
361
460
110
1072
2439
41
4312
812
1301
3599
1761
1580
3901
380
4191
2609
3419
2461
2277
4135
2496
868
2655
2428
4044
324
1278
1343
159
683
2325
3339
3950
436
769
3208
4774
2103
3606
4184
2591
2570
2848
1446
1559
4356
389
2558
4131
2743
4856
4782
1247
1004
1489
3671
3512
727
3173
3672
3743
4832
4741
2426
4224
3491
4030
1686
673
3315
874
2505
2313
3217
2211
451
2772
747
998
3971
2316
357
641
2937
482
1558
3393
2228
3146
4940
4091
4751
3786
517
4229
1470
3313
1764
1784
2961
4628
1760
498
852
4214
2054
4161
2689
2663
3823
2000
178
2646
319
4721
4939
3986
2765
571
4776
63
4929
2699
1219
57
1818
2425
1061
3097
458
1202
837
3832
1823
2630
2345
3214
4007
654
589
468
569
4907
3828
3882
3031
3495
3793
2639
2219
3222
3504
2478
4807
1852
1081
425
3048
4576
540
3689
3200
706
911
1967
24
3420
77
2143
1031
2889
1808
429
2887
1356
4450
237
4383
2176
2809
4871
1107
3699
2453
1970
1039
771
653
3221
3609
2695
4418
141
3406
208
4073
4093
3636
82
1402
3537
3211
238
4529
2404
618
536
2649
3773
2898
1933
2800
2266
156
4959
3398
4919
1773
3930
4861
531
4063
2769
3306
2544
162
1065
1196
4078
4474
172
1213
2956
1068
4051
3414
1205
2186
3430
2081
3078
4286
2177
1426
4475
851
2175
1045
782
3407
736
3911
3246
3439
4793
1654
1363
3300
3213
169
4422
161
3333
3973
4492
2130
1583
4487
3632
964
4115
4426
3330
441
684
3531
2561
2855
4379
4045
1325
2135
4059
1706
3791
1817
1439
2242
3382
3422
1839
239
1016
3648
149
923
2278
3144
544
456
2271
314
790
2229
3438
542
1345
2351
2840
4307
539
1286
1997
726
4086
4568
4899
2021
2806
2988
4729
700
4982
1607
1635
678
3449
1431
1313
532
1198
2064
844
3685
724
3515
3855
4713
1880
671
2982
2066
3098
49
1024
3072
1638
696
3707
3002
3358
4611
3553
2568
2365
913
2398
1962
750
1088
2357
3523
4996
1512
4350
1826
2158
2611
1413
1831
1515
1157
561
1457
1106
1674
3924
86
2312
104
2040
4598
3039
3629
2241
1351
3601
546
3972
1478
800
1119
875
2046
453
2973
1911
2037
1090
611
4976
387
1471
4559
2895
1966
4110
3074
2465
2566
644
2581
1952
3070
4158
256
1696
4851
1569
1454
3959
2192
4697
883
1732
4602
1018
2284
4400
2734
2831
814
2659
1241
845
1865
1295
4942
1011
4715
2161
1182
801
2553
4702
545
2253
347
3744
4562
2547
2052
2518
2922
2624
2749
272
2142
1566
2344
2484
72
4553
1168
1849
3227
1243
338
3110
497
13
3281
4790
728
4887
1346
4254
3075
3131
4820
2076
1649
1549
4181
3841
379
799
1824
2222
1434
1250
2633
176
1536
3218
4108
761
1311
4857
526
3764
1403
1922
2870
3361
4681
4844
351
2083
982
813
3348
1211
4370
2260
4123
831
2372
1165
395
4269
3640
3508
2362
2670
859
1273
4734
4082
1664
4878
1052
2132
4394
849
1729
158
3387
4770
2403
4651
2861
2757
4704
407
3974
3106
344
972
305
3555
1136
1749
2391
3492
1834
991
933
4100
1610
3193
4251
128
3579
4900
1036
385
4265
216
3712
2437
1280
1228
4538
4629
73
4068
4027
2862
3668
467
1960
2853
2702
2894
4846
4295
1488
4133
1218
122
3357
3957
502
2680
687
625
4231
398
3205
1899
3830
3259
4023
3391
740
944
565
277
3948
3788
4406
4752
1776
202
4563
2456
857
2300
1404
1882
4821
797
1577
2729
1408
907
2803
2341
1227
968
3667
3046
2537
2773
2650
1738
327
3702
3243
4527
1245
2356
2233
2259
487
2638
4095
764
2884
1733
2094
2330
4442
3093
4149
2556
4218
3880
4490
3610
1183
4273
1324
4211
259
186
3985
1359
3726
3999
1458
3317
125
2962
1987
2004
3888
3490
3612
3941
3267
3920
519
1411
3376
3874
3107
1915
4025
701
477
1101
205
4590
1680
3605
717
408
829
3787
2776
712
2352
2374
2869
3427
3479
601
3541
1710
4870
1625
843
4200
3249
1300
2978
3266
1798
2890
3050
1040
1392
3388
1730
2129
4648
4381
2468
2414
4547
2645
1188
370
4201
3819
4314
163
4854
3598
860
3459
3286
1799
4546
2694
3177
4481
3460
2815
2504
3228
870
3807
681
3238
1476
3863
3035
3922
1976
447
3152
2817
3794
318
4848
2288
449
3988
3242
1816
101
4669
659
4430
1144
1017
2057
4069
4199
4326
2671
4321
3374
3704
4635
1727
2738
1358
836
966
4557
4700
3940
4124
3751
4944
4151
1089
1854
3081
4193
3519
2364
4514
919
4249
3125
1306
1041
2032
118
3714
3936
4875
690
2711
3669
506
3282
2564
614
2053
1339
775
925
2481
3150
1567
4915
1707
1726
232
1805
1712
4061
3392
1451
785
896
233
2105
4931
58
1853
2770
3927
3279
4372
65
1874
33
1350
1246
2282
1234
2226
1508
1172
3783
382
2685
2140
3327
2522
4742
4686
3290
1308
3292
3824
4087
4064
4075
4287
1103
2661
4565
4974
1353
3861
153
2411
3256
4886
1589
1879
2003
4811
196
283
4333
1586
1655
640
1505
3750
274
2983
1472
811
463
2839
1539
38
4194
251
3009
586
2349
1779
484
4252
4865
1506
4331
2878
1362
914
3483
537
4278
4403
862
69
568
4780
3522
2136
2071
4698
4936
4384
3536
4984
334
3734
3954
3025
9
3779
1124
3799
585
1782
4626
4667
365
2051
3677
1023
4707
3848
3396
2555
4593
1293
3169
1190
2826
4330
2907
1060
4004
1380
3254
749
2950
4048
4032
1134
3502
3981
289
2188
3858
2614
51
4111
4673
3408
155
940
1803
2641
342
1691
2216
4812
605
1809
2189
2367
3732
1740
4434
3647
1601
4570
2397
2063
2443
4772
732
4429
4618
154
143
3765
4179
3979
4206
2656
1135
4136
1964
3061
2521
1521
3165
383
2970
409
1540
1785
476
4015
567
3401
665
4524
3800
1416
866
709
1511
573
3297
1163
2827
3051
4401
4175
1034
27
2946
1550
2324
499
2138
4577
1145
1765
1304
3915
4085
43
983
3585
4056
273
1441
1494
1599
4757
3232
4744
4535
3660
657
2919
3987
3906
1689
3527
4847
1479
4320
292
4867
117
2089
4235
2185
4639
1621
1440
3996
80
957
1028
3362
4975
3866
2124
4172
4011
2740
68
989
3850
2113
563
1487
1735
4710
2606
3755
4302
3754
2251
4511
2710
4631
2726
2866
1231
4803
1171
2540
3447
4903
2408
2457
185
4355
1872
934
3346
4378
3580
3102
4094
2223
3587
4528
530
4921
2087
786
888
211
3550
3625
869
2347
151
3811
3546
1800
3229
4258
2515
4454
2690
4009
2686
99
894
4740
1867
2337
2454
4896
3544
2058
1630
4701
4144
2804
3375
1887
3487
3967
1802
2354
1341
4979
1641
3767
336
3123
3258
1711
3195
4477
197
1007
3312
404
2899
3116
3474
634
2265
2050
2167
4357
3024
3795
4220
105
1869
4339
4347
1066
2938
917
2306
3574
2928
1744
2718
1938
2657
4041
2550
2015
1788
2031
2390
1687
96
1993
1098
559
4500
1608
2131
4575
1481
4906
2966
694
3021
3720
3572
4709
3998
588
2157
4084
3854
3082
4825
2683
2190
1335
2197
2596
2681
593
1613
187
304
1531
3016
4609
339
4693
2881
4819
2165
2801
198
815
2921
4800
2565
136
1069
796
2327
349
3399
2170
4114
3839
114
3003
610
1820
4814
2507
1948
4005
257
2524
1974
1026
1624
4435
2247
4589
315
1467
4170
4884
4405
3683
4834
1821
2737
703
1886
3336
1745
111
3255
3723
4912
2491
2810
3931
4672
3435
1474
4264
1903
2489
1365
3319
3617
3174
4583
4567
2062
307
3916
3185
788
121
1283
4433
3432
936
3092
3812
2882
3742
2445
3919
2153
3155
1573
2111
4724
4292
3561
652
2333
877
3500
587
1186
783
3982
1427
2996
3049
3661
4761
4981
4759
2886
501
2067
2621
1575
795
4338
3277
2545
1237
2207
3417
4234
4260
3552
4313
2245
4645
1690
1746
241
4508
47
4465
2471
2202
2751
4606
1406
975
3450
2363
2416
2597
978
3421
1811
662
2758
3630
2563
472
446
4835
2860
2790
1685
2787
892
1042
4763
2458
4519
672
4420
288
4608
3623
900
2369
22
865
4986
3156
1466
3684
4480
3220
3966
2672
1414
806
4261
956
922
2843
1647
423
1271
4833
1288
1338
1868
2339
2375
1138
3240
4882
2096
246
3436
4708
2044
4732
213
1845
4872
4718
1670
2448
4664
3731
4366
359
2463
4802
2813
203
4202
3105
388
1708
529
4262
127
4992
995
2753
495
650
302
4779
275
4911
2727
235
784
3038
444
1790
1074
59
165
3384
1375
3251
1653
3069
3870
2947
2193
2917
4192
1602
92
2322
206
459
4893
1249
1796
3433
1551
1336
504
3631
4196
2588
2851
2005
4329
1374
3658
4797
1292
628
2093
3728
4682
3556
3532
4883
437
1525
4935
3890
1432
1329
1152
754
4040
2900
1884
4445
1721
1934
3381
3797
3741
2338
2294
2604
1830
553
1130
2451
1477
950
1430
4675
3581
793
3350
4242
661
4421
1541
798
2741
3285
3529
2497
4665
2632
1400
4017
3241
3833
2493
1003
4497
3929
4297
4365
2224
3956
3298
1977
1810
103
839
3394
4926
1274
737
3498
1185
254
638
4644
1667
3782
1303
2002
3961
4676
4767
1592
3121
566
4303
3088
1652
4293
4747
2585
188
856
4167
971
2880
2252
323
486
1553
2427
2799
2573
1120
1832
3853
1870
1399
3461
1062
4849
2954
2959
3262
1276
3295
2043
4185
3133
2833
3747
3363
2829
303
424
414
2654
2533
2623
1006
1445
3029
3926
494
4212
2082
4578
1209
1047
1216
2519
909
689
4363
397
4225
4001
938
4237
4270
3141
2942
781
1208
175
469
1932
1373
1050
60
2049
755
1603
4855
816
1969
2697
2400
1747
1398
3001
2837
4148
3341
2835
120
1920
541
3342
3188
1908
958
2981
4840
244
4368
997
1452
3511
613
1097
4988
3054
3872
1393
3428
1277
3600
1561
4738
1545
3705
1173
2210
1319
1861
2893
180
1718
591
3225
4376
2761
2818
1058
1294
443
3932
2635
321
1110
2123
4250
1797
4232
317
4345
4957
142
3163
2575
2146
3873
1633
4190
4467
3248
3903
4671
631
61
490
3142
3080
1055
2029
4873
1955
1076
810
410
2974
4973
4311
3563
4716
2335
2684
2990
31
1650
4359
2018
4838
4540
2198
4230
3621
481
2281
3593
2574
2169
2183
3166
3018
1860
4901
3180
4556
3577
4419
3234
1266
954
4634
2011
2797
2475
1360
1598
1848
2077
4920
3076
4823
4219
3367
3139
1290
2577
3569
4680
5000
4126
2162
1463
480
2991
670
3801
1968
4371
2652
4367
3462
1819
1229
1260
220
1698
3733
821
664
3458
4566
4616
3589
496
1828
1164
4404
2377
4189
4298
4160
2879
742
4885
4998
3994
1495
3935
4934
3068
4217
3526
2572
4026
1527
1149
2745
2763
4361
4594
78
4520
4461
3769
2007
222
2536
1305
921
4658
144
2605
2876
3175
2750
2240
3390
2979
3829
226
3130
3099
3646
1950
637
2551
2669
3145
3270
2939
4829
4845
3268
4596
1312
296
3226
606
1436
3700
3124
171
3308
1429
973
2529
1947
4683
3676
4588
3007
1683
1212
2771
2035
2446
3157
2535
34
4755
3223
2120
3885
2358
3109
4607
1285
2559
3465
930
4165
3693
1695
1148
340
2147
3404
212
291
236
1500
1547
3738
4410
2070
2603
4805
1973
3083
1147
2994
337
88
2593
607
3403
3189
4145
4263
4343
4666
376
52
908
2503
28
3456
977
2724
392
1181
1524
4980
3338
2307
4791
2268
3386
1323
3703
4247
399
3851
3933
1881
164
2019
2466
1407
3204
963
3440
1756
604
3307
2336
4521
2523
3925
1841
3108
1191
2779
1939
1866
1510
2836
1159
4643
4077
1523
3415
1637
1980
2293
4530
999
1307
905
2951
3886
947
4130
4828
2911
887
3557
1256
2133
2952
580
4187
2264
511
3224
619
1284
1701
2971
3305
201
400
1226
3058
3017
4463
4491
2276
939
3140
1384
3889
753
2925
2554
4768
1462
1326
4647
403
1752
54
3127
3518
3194
231
4592
253
2782
1522
1855
4118
2269
692
4489
2010
1204
3441
4539
3516
2607
2720
4072
4407
819
2943
1623
685
32
3013
1070
2485
2762
279
46
4604
713
4754
760
418
2472
2842
4696
1314
2151
1945
1447
184
858
3094
230
1291
2619
39
2972
2924
4322
1203
1924
1320
1428
629
4551
4932
2122
3655
3032
1333
1957
855
1665
715
2691
375
4533
2617
1953
886
4587
4304
2304
3690
725
2246
598
4581
599
2636
3355
714
345
2041
4746
11
4107
2406
1684
807
2401
2733
416
2101
2688
3864
4157
2510
4630
4966
2350
55
2273
2873
2152
2820
1394
3347
4839
1748
3862
2141
1282
4714
3409
508
4653
2599
2576
3785
4679
4706
3768
2941
83
1116
1700
1918
4272
4431
2677
3167
1702
682
2422
281
471
2334
1504
4180
225
3322
3761
147
1214
898
66
2254
3485
1912
3567
1177
986
3736
448
3065
1158
2270
4597
4894
4775
1940
3437
3803
411
500
3960
2546
462
720
4358
527
3626
3613
594
2025
4178
4153
3085
1723
1593
301
474
1491
1543
3356
1526
523
621
1405
4248
4003
1871
4947
97
1086
2788
543
1364
1492
3562
1615
1705
1916
552
1094
3397
1386
4573
4154
42
1038
3965
1900
3665
884
1557
3052
2204
4116
1714
1235
2508
827
3590
4455
199
4555
746
734
4452
1296
2502
4447
4055
3910
1815
1131
1931
2209
1775
3921
3172
4047
3269
731
371
1184
3353
3565
439
4725
1310
166
4946
2215
3475
2674
4168
554
2342
1837
4097
832
1140
4599
718
3570
776
789
4466
1640
3244
4451
3564
3970
1033
825
962
190
538
787
2027
2525
1354
4888
1919
2816
3575
582
421
2993
140
3753
1671
2715
2360
2612
1418
2653
1982
2180
4997
3688
2332
1783
2721
1927
1579
1677
1073
76
949
2705
2100
4348
929
1114
2793
1193
3493
577
2807
1634
2244
2756
617
3113
2434
2315
4560
3682
491
1554
106
4506
2194
507
1618
4325
550
2730
4002
704
3359
1242
3835
130
258
4689
4105
2464
1614
4864
4259
4134
1
4226
4285
4221
3838
1015
741
3842
433
2712
2708
3983
2819
1465
2303
1105
4584
4505
3426
4523
406
1127
4147
2501
1901
560
2470
4636
271
1020
2160
2379
322
3064
751
509
772
2775
623
4050
3825
3977
756
721
3627
624
2644
2421
3463
3607
2976
2777
112
1378
2119
450
3679
1238
3168
2747
2526
4962
1835
1396
4205
242
2220
3887
2955
2346
891
3543
1666
75
4633
373
3086
4892
3278
3913
4427
4561
4446
824
4728
916
3545
2438
2085
3314
1876
2859
3351
4375
3190
981
1643
243
3978
2707
1917
1804
4623
2678
1724
1850
4188
2703
4564
3257
4274
4730
1347
928
4088
697
2430
2072
1262
4071
1156
2368
935
3701
4685
1743
4646
1777
3641
221
4719
3186
4006
2975
1104
268
2283
3584
3834
489
2987
350
2791
4928
377
1600
2828
2174
3434
4183
4423
3952
3820
2014
3817
1497
4842
1659
4898
2794
1544
3639
346
3135
2498
4826
1321
942
1951
842
2023
835
2459
1983
2232
4789
1672
4783
1787
2666
2221
2856
688
4777
2774
1956
931
1507
255
1207
520
4207
194
4399
4769
1781
3538
2008
4020
1713
3162
7
4203
331
4277
3063
1925
1275
3416
455
2665
2998
2455
4661
2594
3273
2059
4318
920
4798
3776
4991
4028
2902
3293
1337
30
4425
3856
2442
1990
102
4267
4995
752
4654
1448
4968
3471
4276
4362
802
21
4612
1085
2479
4624
3318
1051
2642
1833
284
555
2926
1027
325
4866
2883
510
2789
1456
25
4816
1904
4120
182
3115
3473
2675
2155
602
2625
4877
3412
2662
3147
1309
4204
3206
1935
3814
4983
4841
660
1965
3323
2178
2722
2755
979
1139
4692
2370
215
1210
3197
3729
2292
3951
4541
3413
666
3745
2106
533
4510
1268
2812
2384
3045
1582
1537
847
3687
4794
1859
1199
2431
2279
3898
3695
2429
1327
3871
880
1100
4652
1369
4881
3746
3423
4737
2904
1596
217
2963
4373
4711
3196
3405
1049
3717
328
4950
1496
1893
4449
2786
2001
4080
1409
64
207
4122
632
1807
1895
4323
574
1433
2299
170
2450
2517
1421
1560
4660
663
4743
3568
693
2068
1189
3918
2154
1709
3143
1725
1595
119
124
23
4408
3484
2355
3878
70
1574
311
4291
2629
2280
2086
4317
1755
3004
3198
4174
1620
3710
3827
3071
1126
4332
1298
691
3239
2571
3271
2845
4382
3368
4969
4150
808
2295
3114
312
2906
3296
2272
1897
2047
1991
3656
4910
4083
596
95
2877
3060
612
264
2112
4655
94
3620
1778
4949
352
2584
3191
4532
1905
2701
680
881
261
1316
4360
1123
1217
1568
2759
959
2060
4113
146
2578
427
2249
558
1562
1385
3149
1010
897
848
4074
4694
2407
1720
2348
2500
2968
4290
2248
3673
2499
1391
1192
4971
3725
100
708
1801
1002
1631
4806
669
4244
1289
902
2297
89
834
4595
2199
1766
3207
3943
1646
4951
4424
3027
386
1092
2108
1468
1167
992
4443
44
2091
686
1999
4238
3813
109
850
2901
3997
1153
3643
1056
1529
3370
4125
1963
4289
4013
3073
1571
1334
113
2864
3739
1913
2012
990
830
4586
4989
3715
4054
2296
4393
14
1758
826

