9502
2319
9468
3617
1136
5132
8092
741
87
9846
9391
7784
627
7772
16
5692
2911
1757
8556
4538
4330
8818
9542
7300
6484
6521
6197
6531
3780
3982
7666
2831
9130
6740
8195
9969
4277
4686
1438
2078
172
326
2480
6134
2088
8954
9608
5705
1886
443
9989
2210
4080
1728
5444
7680
5884
9652
6259
3745
9146
1736
7674
9562
6762
3901
3007
8338
2011
3913
126
3066
451
1256
8044
6679
8157
3109
4671
3510
3970
1758
9505
1139
1796
4035
2309
3495
7256
927
4817
287
376
9135
3586
969
1390
394
670
1665
3490
5234
1233
2770
3270
9113
5934
4402
9848
615
8479
8972
7597
4782
8868
1625
2467
7965
486
4601
6781
137
7442
5055
9423
8473
5039
2052
6557
743
5424
4357
9432
5898
6424
5879
9635
4764
3744
5184
1851
8621
7954
8345
7415
5394
8408
3874
999
7169
4847
2974
1074
8929
4480
4828
1467
1170
981
2575
8339
8821
8348
6171
6121
4001
7876
1430
7708
8210
99
4134
1200
1744
8283
4437
8006
5456
5864
2948
3928
5574
5314
6738
8618
4949
5119
1835
9249
6879
5223
9543
5177
7915
4544
2510
1637
9952
1258
1198
1826
8970
5032
600
7710
6148
1028
7897
796
2747
4111
3046
1106
9355
5924
3438
5286
7456
8882
1975
3082
5807
1739
6132
1487
2772
5950
7931
5011
5565
3917
4317
7732
4872
9634
9276
4934
7707
8054
9530
9088
8414
5024
2431
8152
1717
6324
7088
9221
9471
533
3494
8962
691
697
1236
6302
1643
3348
5126
2880
4848
1241
8778
2430
8744
334
4523
9365
5329
8294
194
4670
9163
5473
7656
7412
5523
990
3825
8624
9260
5999
8732
7290
6075
1465
657
7760
913
4894
2976
8242
9148
5158
1748
3343
1030
2326
2613
5855
2170
5620
9591
6230
1756
3409
6549
3906
6480
422
6799
8284
3422
1297
5398
1541
515
4652
1963
4446
4953
8008
1259
3653
4236
728
6383
1543
6361
7561
4094
941
1789
5717
6245
6449
6646
983
6778
7681
6552
1319
817
8089
8247
2466
3366
9734
7217
3389
6852
1769
9306
3097
9658
6917
7630
6471
4701
2892
6882
5481
8464
5569
103
2768
2559
673
9679
5003
4889
8694
2640
2666
8083
5533
5041
1852
4472
1341
9576
2633
1002
6864
4619
8630
2905
6938
7248
6519
3360
9238
779
9814
6057
8725
3469
38
5856
9069
7
6965
7051
5578
9890
3786
1014
9089
7999
8787
10000
1585
4831
4919
2259
9428
7872
464
4205
7229
9626
1804
3904
5492
7137
7251
6524
8307
6033
835
2881
2048
9461
8300
4259
8568
1550
8165
317
9190
9015
6115
220
6640
2161
9506
3387
1070
148
6499
2502
9003
3699
7409
750
3352
9578
8657
8045
505
9061
8967
3885
5518
2871
2329
296
1171
5066
3141
4474
7569
8845
8733
4146
9894
888
3889
4114
4863
2124
6135
1154
5825
6901
2869
7098
7878
9154
7075
2513
116
9741
9171
2815
6831
3488
7023
4546
9509
7930
8516
4952
8453
5511
168
6633
9889
9715
985
96
4859
7364
8943
807
7167
6023
3645
5405
7329
8476
276
6408
4185
4747
2890
5502
8609
8305
7110
577
9477
3869
2063
3863
8298
2470
2171
8637
1324
4991
3010
853
9055
613
7397
4892
5956
8064
9805
3891
5988
6840
7049
9481
4943
7355
7811
2972
5296
5268
2574
9244
1298
9695
8566
5684
1559
95
5198
3446
9287
2736
5656
841
6204
2809
6680
2796
7821
2450
7429
2166
3726
6676
9048
6632
6590
4893
1151
123
6844
2659
6766
6320
6414
1318
3030
97
1368
7154
4909
1628
9152
4340
5216
9841
5721
6868
4347
7363
6216
2076
873
699
8484
1536
6037
8994
7286
6803
5404
2995
9168
4316
4826
6592
1621
2647
887
3985
59
1993
4616
5156
4696
1088
8356
7465
6025
7638
7994
1401
9350
7281
5391
9720
1269
5157
3735
6464
5892
1378
7404
9548
6503
6922
6912
5645
6090
6234
5496
4003
3607
3936
7664
2349
2593
3881
6074
4816
3673
7446
7295
204
4598
3971
1876
7581
7591
2546
1419
5744
9819
1677
3719
2547
1661
8804
2087
5207
2676
4141
8109
1447
9367
7403
7990
5112
302
7575
1775
2787
3472
5687
341
1264
5858
6559
3519
8680
1322
2164
9902
2271
2563
5377
1578
6004
4760
6750
6426
7064
8386
8035
8091
6354
1312
5867
3123
6873
632
7756
9308
2167
2595
6956
9629
1914
5182
7583
3792
6713
8663
5942
4055
6454
1624
1385
9449
7471
7123
291
4731
7074
8755
8688
5556
71
1268
6619
5001
5946
3741
4830
6466
3929
5290
98
9209
6555
4424
8163
1407
1326
4756
9421
1246
6660
4188
2940
5544
3074
3157
5954
2579
4010
9318
2306
5616
6926
1994
6743
1631
19
7655
8716
2116
7938
1563
9020
766
1837
8718
1575
7661
6651
150
7604
8428
7018
6479
9490
7008
702
5769
3613
5594
6981
1698
5075
4240
7316
1004
3029
469
7384
9903
4086
8536
1463
2803
2982
7096
1887
6048
2585
6370
2973
1768
1367
6178
530
5430
9377
816
5321
3511
1412
3278
3183
5097
9023
6628
1245
9240
6398
6773
8616
4280
1244
80
3952
3232
2729
439
3140
1411
7470
3296
6894
8159
4008
707
158
5451
2767
1095
1371
1988
682
9344
2373
1384
7009
4650
8221
4297
8813
7494
9800
2316
4459
8407
6158
250
217
9431
7037
3553
2474
2235
7663
1815
9137
946
312
3872
1306
6252
4551
4067
7551
8236
7966
5419
1674
2160
255
8796
368
2393
6069
3633
9346
6497
9228
4803
4840
9214
3463
2095
5213
6028
7932
8987
5651
3828
8214
1491
1531
2254
5073
2287
4502
321
8747
3077
2523
8528
5706
375
1564
9259
5532
9853
6994
5315
4059
4494
1798
2141
1109
1626
2152
8161
8901
7677
345
9369
6788
1595
8664
3392
9810
5632
6400
6671
8950
1185
749
4937
2966
1149
7362
3307
252
1784
4706
4794
3151
5292
240
1217
3130
2102
950
8889
8586
7580
5571
6845
513
3240
5056
1868
5836
4119
6073
9710
8340
57
2200
4206
6485
4739
4661
550
9538
5967
4770
2465
6279
7833
9857
9995
3572
7311
2198
2371
5696
4811
5516
5367
3053
7450
3861
4354
4854
8942
7296
9075
6914
5531
380
3102
2277
8983
894
6463
3299
3154
4122
9577
597
2945
1476
1901
2715
2816
1325
932
5810
9856
3268
7785
3265
9280
4252
6347
1481
7905
5356
7328
4326
7345
9743
4271
8475
4017
494
7791
6824
996
9507
4231
3953
3104
8406
7986
8540
3188
3577
3327
5661
9689
5795
3455
9604
5363
4978
7700
2328
8153
125
2807
2297
4109
9858
1620
6340
1377
241
9086
9126
5631
3056
5307
6508
4313
9457
7207
4917
7424
6586
1215
1598
2433
4593
5770
7942
8610
1433
9596
2122
5828
1490
3294
4591
7781
7757
2665
2176
3501
2790
1959
5814
2106
6953
5903
4754
5312
2987
2238
1479
5
2108
9758
8717
3116
517
7959
2255
4709
2849
3898
4891
8571
7943
6270
4226
8394
5093
4592
6554
5263
8519
7109
7770
4690
8243
8129
798
4556
8264
2038
1003
7231
478
8542
4903
9246
1157
1492
9217
9833
1707
8235
9090
4166
7649
6602
9843
5273
921
3367
603
7651
2228
8793
2284
1968
2662
9993
7337
1266
2343
4151
7847
5466
7771
4261
3283
7463
3767
104
9364
459
9938
6336
4171
7925
7476
8886
5882
6863
295
2801
9779
1504
4692
1469
7505
6960
8503
2346
4823
5846
2634
8346
7775
4820
1754
1082
1947
5755
7148
1386
6154
9014
1767
5200
8278
1984
1554
2591
6718
7273
9799
1828
4057
5628
270
2685
2092
5359
8643
60
7044
2698
7754
4878
2039
823
8689
7539
6086
960
8031
8108
1737
3439
6161
3583
3926
47
1594
9368
8086
3291
4157
3005
3221
9598
1634
1114
2912
4687
1704
4969
1987
7451
8867
4133
2173
6856
8874
871
1658
5150
428
6598
9828
1272
5069
692
3950
3632
6021
1843
565
5575
2802
7733
6541
568
9053
3075
8456
2022
6362
2668
3478
1870
7073
9872
2813
7338
5629
3677
5191
6446
1700
5371
7835
3954
1338
4740
6887
1282
3935
4563
5487
8673
5239
8314
8827
1706
4200
8626
7061
4765
5131
4045
6333
504
2093
869
5439
6255
5102
922
8162
414
3437
7133
9746
9050
778
5453
4827
301
8065
2734
8535
9225
4415
7252
2500
598
5713
1397
6205
4284
4660
3649
9300
4647
5028
4296
3357
7952
6099
4033
8648
1216
1880
4464
1802
144
8961
3393
7746
5997
8592
7340
1457
6761
2110
365
9062
6431
279
6243
4288
5985
639
5766
8726
1640
8792
1948
2543
6945
6319
9948
8649
9879
4506
803
7613
138
5259
3048
3080
9170
5340
6881
1007
5519
3592
1655
982
7103
9666
4421
739
1740
8952
292
2361
2397
7201
5982
5553
9956
6177
6482
6212
2594
8803
5715
1913
2482
8187
3011
6262
7826
783
4825
5337
9871
9893
3420
4344
1189
5663
9783
7608
9807
9418
6201
5210
7174
2740
7209
4915
89
7949
2578
7491
4685
1405
1540
1569
8746
7916
1805
6144
370
6366
3854
7398
2024
7529
4051
5091
978
1571
8482
8137
9680
4812
7482
8743
2550
4542
1760
8019
7274
3739
7232
7464
4837
182
8297
5830
833
9031
674
6605
1145
5392
4950
3672
7143
1355
3364
9592
6235
3050
2079
1586
2573
3816
5067
5369
9605
4815
3000
4408
3669
1821
6387
5732
9615
8552
9021
2952
976
8237
29
3165
8033
5937
9694
1844
488
4388
725
6272
6719
4643
3243
1782
7612
7535
9496
3315
2583
6700
7383
7667
6185
9761
6014
9025
5793
8853
2008
8899
265
2416
9735
1303
7658
230
6325
7480
7616
7972
6447
8318
3625
8750
5196
7310
1530
371
9579
2263
1181
1681
9765
229
8151
9349
2726
9878
5974
2645
7519
8559
5908
8160
4262
4822
4985
9928
8802
9417
6561
3379
5550
8761
6130
3321
6249
1920
2582
3902
7603
6885
5609
8256
4548
9847
318
2584
1622
9043
5914
6714
2005
2844
6808
8949
3285
9968
4940
1156
6904
3777
1822
6596
6397
6459
6368
7683
297
6625
3145
5535
4727
5965
2492
5076
366
4269
6627
5147
2281
2616
4308
6771
1759
4602
8812
1799
1493
1090
1310
3342
1770
5824
3797
4636
2838
5139
1716
5235
3318
9144
1972
7304
411
4746
3618
8677
6652
4361
658
8989
679
8398
7346
890
7789
736
2446
3541
5826
2369
73
7737
91
6571
7413
452
5837
5233
6027
191
2875
4540
6737
9582
4360
442
8182
4338
1339
7790
4582
609
3136
8589
5691
154
8171
9751
2462
8504
6526
160
2898
5812
9095
3427
2218
5390
4680
3454
8660
8749
2449
2700
585
6823
27
6112
5154
2536
8762
534
5579
8847
5323
2191
1486
6517
3683
634
7801
9972
3873
7974
2825
965
7804
3882
7820
9282
7308
4640
3339
6642
7725
9121
5509
4618
5711
4132
8695
1172
2283
4116
9554
6360
7848
7623
3234
6925
3662
7731
570
2464
4334
9646
3152
12
8189
6353
8122
1548
4414
5347
4628
938
5736
9409
6318
880
2627
1877
3998
9397
8115
3249
5723
7964
7493
1029
7602
8312
7242
9600
409
9103
1806
8177
2596
311
6636
3017
181
8919
559
8477
7361
9707
8413
885
7947
2232
2422
6895
7354
6240
2248
3008
974
1320
8244
4397
9883
1924
7341
1117
111
1686
6019
7736
4450
7796
9768
3269
4925
951
9210
5445
5633
39
9004
6684
1124
114
9648
1881
2863
2089
4829
8173
6136
590
5478
5245
4399
7873
9289
7743
2568
4939
6223
6377
5104
7182
6416
8980
2774
4228
6528
612
1774
9962
4869
9028
903
3759
388
1675
9277
2197
2920
1234
2269
4879
1746
5098
9750
1945
6993
2975
9756
7213
2101
8840
1797
7216
4242
2425
4140
9252
351
9070
7104
3328
7849
3851
8594
8099
8905
3158
3452
3738
8172
4541
2545
465
6005
9621
4487
1398
6456
2272
5303
2134
9999
6728
8021
2576
8418
9231
390
7712
8240
2895
9058
6211
1509
4982
5833
7985
2771
4161
261
2211
3979
5853
9353
7839
2201
6819
1112
5183
967
518
9085
5088
3923
9649
37
8417
5865
8960
7466
1565
1073
7115
9357
1173
9332
2362
5672
7243
215
8875
9860
3864
2870
1423
1921
6137
9724
8090
8313
3497
7795
4341
4968
7234
75
1134
1666
4875
9733
1128
3941
5606
5175
9120
7841
7481
9445
7650
6031
203
7537
1414
5543
9519
9150
2820
4961
2878
8326
3696
4118
8485
4630
4278
8665
4665
3764
9196
6184
4249
5236
7556
7485
9866
3624
1779
2967
4809
471
1013
5065
9603
949
2486
313
163
656
2506
9328
6335
3132
6072
9686
6998
1974
5246
9451
8032
2233
3099
540
7237
5703
4512
732
4335
4766
1930
9637
8442
8798
7554
1431
8375
7177
5171
2950
8302
9926
4989
6081
5244
3596
2406
7883
2897
8817
9371
3817
7515
3570
7759
7859
4189
7067
4327
5192
2291
8982
9682
7155
3317
9630
2037
7322
9755
6
7495
3878
2280
1545
9447
4767
8397
4438
5479
6039
2913
1455
6412
8158
2902
1429
5733
1933
6729
8087
7499
4926
9226
9806
1818
1733
164
8920
8730
5986
3822
5111
1168
4779
5353
5427
348
8234
468
3479
5520
1584
968
2606
1616
1668
6152
5775
3101
294
706
8699
5943
8823
4530
991
6127
5270
7389
6349
480
1388
5612
7573
2888
4956
6548
4928
2556
7487
1224
2099
5014
5230
1289
3707
713
5431
2139
7006
2473
7500
3679
6736
6546
3749
6129
5251
640
5070
6800
8168
8075
9545
2865
6425
5850
813
1903
7704
3174
9063
3395
4214
6835
4646
1337
3440
3844
8784
3371
8908
9153
1089
1889
2147
8956
3176
2444
8642
1096
4974
6710
3313
9263
5938
920
7852
4748
8856
3999
5927
2714
5178
7706
3209
7282
3055
2906
1206
9292
7264
1874
8178
569
7448
8344
2012
2601
5630
7323
1099
9093
344
9840
9897
543
1265
759
8253
7190
5015
575
9998
6574
782
4763
9492
3264
2688
5417
6053
1050
7751
9875
6139
3341
162
5302
169
5580
8548
7336
9424
9370
5513
9587
5719
4552
7040
2081
1006
5084
4776
4054
6000
7086
8363
4526
1012
744
8768
5023
9831
8385
9079
6487
7101
8332
392
9772
714
5319
177
2109
1410
4629
2730
7832
7660
3015
6985
4849
7607
1884
1389
1213
638
2611
1288
3125
192
7134
2498
4962
870
2121
7063
2268
5962
4178
6113
8373
3084
7168
8063
2172
7895
3856
9452
7253
6111
4124
6846
2086
4461
3847
9390
2409
3162
6757
3832
9966
4784
3840
4874
9517
6704
4762
2236
2557
346
9235
7843
2826
8907
6119
1464
7462
1632
1780
4966
3394
2837
7292
8435
7179
8737
7896
3779
5667
9697
3120
5923
7027
2419
9175
619
2978
9892
2926
5808
7192
1352
2798
3656
1314
9422
1694
8564
6949
7196
1777
1498
7941
9223
5873
8483
1042
9827
9610
3945
5777
2004
1520
7132
4422
4699
8825
635
4553
8362
7257
6060
7958
8832
3172
3922
681
4258
1021
2365
281
4569
3846
7822
9022
3044
8101
7047
6854
7314
9776
474
3224
5474
5641
5378
3571
8440
3751
1100
4575
9283
8915
8863
6593
9888
3250
2989
8543
9929
527
8844
7503
8879
3652
7807
7043
2153
3323
9790
3368
3518
271
628
7394
2193
2873
8507
9459
3845
6509
9951
5248
6963
712
1642
8671
2133
45
3546
592
1047
6082
6407
8562
9425
7453
765
6271
1546
1365
9947
3259
9411
8999
2007
5761
5116
1283
7794
7144
8076
8797
2015
3320
7981
4871
2808
9013
8197
2333
6420
809
8441
8635
4796
7928
7753
2656
3474
3332
5852
9109
8836
5704
4736
9957
7577
2025
9520
3031
3963
6294
1186
4729
8854
8514
1872
4631
2797
4303
4395
7019
477
583
3026
5587
1228
7126
421
9142
4648
4279
7596
7578
7139
9129
6285
9341
9560
1522
105
7082
5299
5477
8262
2917
4810
1441
3903
492
5429
8096
3324
7517
9705
6149
4679
3025
3019
6880
2792
5059
3965
5485
4698
4077
3798
4027
776
747
9838
1445
9813
3597
551
8368
3404
1516
329
7108
6972
8826
9949
72
7945
4069
8709
7317
8534
7272
3791
1553
7052
7944
5840
5823
227
6786
7102
6491
3838
356
4293
1511
1195
5756
2071
2451
1817
231
195
1845
8164
3337
4139
9206
1276
9942
9361
3361
5203
1515
4993
3449
7685
5249
3177
6641
1830
9201
9674
1321
538
1709
6573
6851
8851
5727
1158
7606
1376
8513
5887
1452
3582
3893
393
7891
7678
406
2459
4416
6893
9923
336
2401
2753
3701
9864
4180
8667
2962
6052
3806
1842
6681
9673
5618
3843
4050
9145
971
7668
5961
1812
5484
435
1381
3408
364
127
1165
672
1966
3866
1747
4507
7057
6164
7111
9307
1238
8144
2009
7545
1764
6310
3062
2811
6429
4121
4930
4769
5400
4714
2350
4148
7046
2415
3909
1908
4862
5591
5590
7992
3464
889
9971
587
4266
4444
4349
832
9619
5045
4981
2537
9964
4131
6734
4732
7267
1477
1191
9034
4405
6265
3108
9899
7042
2097
6705
4433
6533
6289
7402
4358
8554
4410
5712
677
4615
6114
5890
2635
8097
5265
407
3459
8715
4009
1787
6971
7432
1097
8387
3033
7117
5019
6553
9195
6286
8014
8508
4677
9941
3251
1838
8403
5130
6314
5933
9352
607
2418
5740
8120
2302
8000
6278
1495
4220
9590
6551
4377
9329
46
4420
1693
238
9131
10
4758
9454
3911
8056
7068
5673
2033
1208
879
4355
3024
5261
637
3776
6239
6727
7087
4674
3258
822
5981
3094
3156
6883
1989
3212
4318
886
9442
5679
3045
2592
1858
4520
5625
6802
5338
8976
2266
1879
1056
7089
9791
1041
9982
827
7152
5085
4521
4034
1040
110
2947
68
5674
2963
4842
3160
5935
6091
141
4873
566
8426
7210
7877
509
3388
7601
6535
4302
6437
5689
8146
4571
6892
156
5155
8376
653
8966
652
9386
8322
3647
6787
9706
6709
3892
7222
4232
2918
2720
1883
6933
207
4522
9979
9555
3504
3709
7181
7584
6919
2439
5026
7039
1210
6439
4391
2010
6457
3355
4911
245
1316
5708
3557
259
3563
3358
50
9770
9836
4883
7558
3809
9672
449
2779
4071
532
7059
7913
970
5917
4497
7968
8713
7701
2019
176
4066
5025
6584
9551
8551
7502
6783
8203
65
6708
6063
4301
7053
531
5276
659
5258
2993
2968
8866
7032
8142
1687
4656
1309
7773
2195
453
7172
6812
5489
3171
6029
5161
4247
2943
2741
3069
1900
5079
5794
8267
3256
4662
5650
9617
3164
7379
8669
3629
9670
5275
3476
8756
5624
7684
9122
361
1773
7919
7390
7350
6601
363
4599
6512
8841
6505
8132
6581
5786
4745
7686
2064
4489
7382
4832
910
4777
6190
5983
8786
9072
9464
8088
5370
1713
1305
4403
7768
1551
483
846
6576
1888
9271
7010
7475
3380
7175
1473
1697
1517
487
6514
7024
3611
1501
5542
3113
5868
1218
1439
926
8815
3737
9212
1745
6165
2083
1328
6402
9112
481
2721
2553
2503
3107
4049
197
7423
9747
8921
7401
1532
6995
7219
3766
306
2242
1250
3793
5907
151
3460
8782
3456
2094
956
1159
919
21
1663
8799
1116
9870
2402
1910
650
6842
2823
7100
90
6281
3824
7669
9614
6841
8232
8078
6363
4914
9218
9098
8897
2455
6733
209
5469
6311
6375
1190
328
9107
9586
7041
1669
3635
5133
2413
2916
9347
5396
6094
9676
8358
9985
9456
5790
5018
6547
4900
5257
792
63
5909
6572
820
4332
2065
9917
1741
7705
1688
3968
9410
4813
3091
6663
1942
3686
2504
5995
7778
6124
268
5242
3858
3344
3550
7130
8891
9162
6767
7574
1299
307
5382
7022
2163
5194
772
9725
3433
5610
3009
8858
1857
5534
7013
3018
4367
9514
752
2530
1508
5839
2841
9326
3991
5813
6169
320
572
9977
7508
5412
3421
9291
748
9
5669
2840
1223
2650
4016
2618
512
3860
7507
2488
6417
5862
2111
7249
3061
6699
5092
5613
5920
6175
8555
9863
6084
8585
7860
9901
221
4537
8490
7967
1816
7565
4697
9097
2632
4073
857
8049
85
466
9778
4798
5506
7514
6797
8003
4453
9382
4622
8638
5327
6123
2428
6208
9465
400
5820
4654
6850
3962
4085
7908
6999
5145
9526
1323
9818
3022
3402
1212
850
1436
3837
6076
4887
4918
4458
4052
4852
5078
2138
5438
9536
4719
9602
7998
4806
9211
9261
1187
7343
1996
5090
436
4379
5695
6312
7276
848
4102
399
724
3631
8538
7744
3674
3095
800
4084
1995
4498
6142
3068
9739
3014
9900
3883
3213
5601
5106
8865
1416
1311
633
4211
9931
2487
9910
4163
4955
6677
9007
1286
4935
2877
2367
2230
1242
6461
8029
5468
1193
6215
911
4061
3083
3121
5490
7000
8570
1418
529
4283
4169
5372
1232
9312
3612
7867
6380
2791
4774
1670
9389
4176
1271
8828
6332
4868
3398
6309
7559
7302
1055
2140
6694
2932
7845
9623
6990
8549
4012
2112
5563
1346
7428
8282
2560
109
8399
8369
1583
3047
7407
4372
5984
605
1425
5219
5289
8062
122
7837
2964
4876
5141
6542
6506
4511
7408
9950
1607
3457
8451
94
9340
2959
4933
4125
9281
8931
1985
7598
3064
9200
9802
4398
1363
6470
7005
8658
8488
3721
4048
1633
2748
6345
2969
6969
4808
4554
893
9111
7675
1146
5615
7615
500
8454
8774
1226
8081
9408
7716
2646
5100
6473
2924
4396
785
7090
2378
243
5252
7940
9622
1131
4174
3886
3428
4514
9009
4639
9613
6992
9511
8661
4783
3483
9851
3725
4164
2194
5483
6260
7321
6269
8455
9677
4560
5657
7817
4778
9299
6682
5283
9967
929
5522
8199
8676
8265
1294
3260
3505
3333
989
374
7963
4457
2475
3646
1577
6814
9102
7978
5274
4190
8186
146
8500
1348
8623
3774
545
247
4092
7850
3146
3473
3691
9527
3499
6264
8494
6861
4694
4329
5973
5978
3620
5401
1690
8701
9491
7720
4984
9379
8512
7988
580
9513
3329
811
5525
8791
3206
7135
5020
8527
6697
3708
2704
9549
5357
648
42
4074
3516
8776
8038
1820
7866
9563
2285
211
916
9433
7065
1383
4757
8073
3834
7431
8279
3924
4749
9051
4944
2069
5653
9427
8410
8923
8820
9094
4492
2603
4703
7297
8940
4681
3915
5896
6987
2728
7774
5595
2366
3540
445
4117
5670
8511
62
9662
6198
6889
6650
7786
4018
2304
4585
9944
2675
3916
9546
6489
3349
2315
4959
7979
1902
2930
4299
8497
7349
6346
5482
1062
7690
377
2937
9822
4165
4921
2227
9762
1587
815
521
1144
4295
7263
7576
8371
2042
3650
8729
5002
4728
7246
8785
6432
7430
9518
9345
6323
1188
6594
5607
7894
9905
446
9119
6792
2002
7563
8277
5996
5664
7682
9550
9092
8222
6421
5389
3763
4019
5470
1330
1597
8878
3581
3128
6614
4322
2143
1519
8351
642
5728
1284
2525
4870
2295
2848
3680
5966
6858
1534
1943
4289
6101
6403
4787
9745
1184
9570
3203
7702
4152
9627
7299
2904
4529
6109
2939
8496
7211
4300
9453
5660
4130
6049
1051
4659
8272
7653
7170
8324
4906
166
4738
3133
8871
3226
8184
6222
4015
6229
2220
7980
6810
6874
1898
5393
8925
9174
9788
6529
7206
4401
6126
1402
4331
1755
6238
4936
6522
9169
3399
4306
2214
8927
4129
2054
130
4476
2412
438
8617
2763
2558
7970
8110
4975
4159
8261
340
912
9463
7957
825
2915
698
1591
3155
2324
9616
4635
6816
7901
6957
9835
9279
2760
7639
1177
3406
2062
185
6536
4483
2928
4460
6206
3830
694
1336
1249
7410
4518
7611
7939
9984
4996
7145
2621
1503
6378
6749
3042
8367
9166
975
8365
525
6606
8116
8563
7071
4031
4333
1396
6351
4834
695
1657
9930
1409
3376
6468
3630
6371
4162
7819
7215
8095
1861
549
9373
6041
285
944
2417
3175
6566
2495
1847
4208
201
7325
2496
9310
7342
973
6247
7816
2118
5105
6744
7427
9182
5333
2555
5399
5428
3326
9147
4203
6242
3482
143
3244
6061
3187
288
5952
1853
9636
418
4574
3458
3286
7590
8430
8395
6089
2834
9470
323
1615
6131
9269
2055
7739
2868
501
2842
4040
9986
9229
5698
9498
2936
1500
506
4960
1941
8735
3836
1278
7621
2705
8909
4090
5436
7935
7742
6186
2286
8913
6386
854
4058
6747
6984
6203
8150
5051
8839
8465
3386
5229
3667
7851
8434
1647
9480
3717
8223
8225
6036
7393
6445
5004
703
8191
5341
837
6685
8459
2944
9970
7353
8423
4843
6051
4881
3808
7755
3004
4557
6267
1567
3552
2080
7081
5013
7166
1981
4983
9965
2096
5463
4555
6720
9405
7116
8912
8808
4912
2351
7834
4735
9711
3124
7524
485
2658
1167
3297
4490
391
7368
3049
6839
2322
7793
6567
4000
6961
4708
5420
9434
9236
2119
1730
5435
6595
1720
8530
3233
7884
8544
542
856
6157
3304
277
5659
2893
2795
3254
2354
7528
8890
7478
5881
9241
5537
9927
8458
8402
9435
3587
9808
2866
9906
4737
3149
9595
7121
3857
726
3275
3771
5989
2400
8228
3159
2105
9047
2727
7176
3178
4471
6673
4908
4976
5281
1317
1762
8018
1827
2986
3867
4263
2117
906
2874
9317
4626
3944
9213
7640
6217
4032
1581
7357
6046
4039
664
5350
4128
9116
1243
6618
899
8192
917
5652
9681
9106
6486
5460
266
9510
8947
4346
6562
1382
8411
9366
8319
8079
8070
840
3681
6498
9861
9855
6133
6006
8438
5622
5365
149
357
6106
2535
9567
8498
3489
5640
2717
5768
4645
7306
1865
2408
8955
5240
2617
1848
7695
2327
8690
4142
8978
8007
7435
5599
1863
1983
1036
7912
2778
4493
645
2145
9358
7025
4191
3641
1962
4720
9522
2150
496
7544
5153
1525
6928
8432
2919
4657
5815
3848
2602
3595
3192
8602
226
8652
7589
1685
801
8936
7814
5675
3927
1906
704
4844
8194
5626
630
773
6415
3507
9303
7855
4004
8388
1203
629
5204
5476
7021
3391
3475
1961
3827
4120
8251
5600
8461
3984
3994
2456
121
6481
9224
9534
1846
115
1277
762
3859
5125
6777
193
3063
2935
7373
3207
9787
6525
4947
2189
441
2794
2177
6513
2357
1353
3356
8401
1614
8170
6199
4007
8772
3170
3378
7605
52
3796
5269
945
668
9824
6187
9268
6730
6050
2522
1458
179
4667
6401
5857
3729
319
2247
3657
9946
3660
9687
4515
5016
1951
2212
742
142
6510
5351
4581
3588
6341
2169
9473
362
134
720
4836
4564
7748
8632
3032
6469
9270
1702
8780
8631
2941
4987
7449
9716
5297
8597
7745
8489
8705
1708
2649
4095
2667
1589
1650
9547
447
9019
419
5008
514
4234
3986
1689
4381
4547
6779
3248
8017
8048
4112
7193
1175
4853
2249
6670
2938
4150
5787
2677
2224
3168
2648
8558
6168
8047
6108
8
9690
8675
2508
864
9351
2299
1712
5187
6179
30
2515
5403
1636
4594
3957
7533
3675
2587
1897
2391
8082
3143
5784
1850
5222
3363
9272
3537
8599
1084
379
7906
4673
1345
8185
8384
3336
352
3219
8647
7633
7294
9485
9665
4577
3815
3441
5209
7488
4413
9794
7838
2638
6066
5549
237
490
6656
309
9953
1066
3016
2376
2478
8833
9728
8119
9539
2325
8679
5875
383
3980
6087
9933
284
1052
9348
1063
3503
5071
7989
6352
7387
5508
780
5585
7654
9571
9476
6331
5221
936
9032
5602
9978
4653
5309
8389
1866
4216
7208
4314
2044
8212
6658
3778
987
9625
5149
7586
2368
4470
7150
1034
9544
4177
2788
2383
1991
8060
6338
2756
6207
3532
8263
5328
9566
4087
8702
5122
8416
7344
7498
6775
4456
6830
2702
1068
7205
264
5301
7392
3430
7014
7458
171
6453
8357
330
7142
1937
6872
8204
3512
735
6218
8487
3804
3500
8329
2066
8520
23
1701
4711
2257
3434
32
1923
67
5614
4260
918
8614
9274
2032
1183
6607
3689
5146
5751
6008
3619
3186
9436
6357
4304
1153
4797
1794
2998
397
4390
9234
429
5877
173
5993
4590
5072
4026
8486
6180
2314
8526
5173
9437
3351
9943
3239
7283
7522
6304
8816
2041
1864
5148
9815
9700
5895
7416
4861
6780
3747
6888
708
9467
6250
251
955
896
3273
874
2977
6283
1978
5731
2817
3997
7376
1437
7627
2999
1714
6649
8811
360
5279
4695
7977
4841
5344
5462
4503
7609
4990
4545
1936
3736
7765
8429
8684
8693
7579
771
7703
9165
8478
228
756
1489
7729
8481
402
6299
6462
7012
5811
6982
9874
5120
2296
7557
5863
7366
2565
8303
9983
4475
7741
8533
2323
3310
2175
2532
8659
689
2060
7333
567
2946
1722
9553
25
5557
1909
5676
450
8107
7128
9337
5226
8751
9945
349
675
3568
2534
3946
7372
3908
3599
2414
8590
6955
7888
4376
3835
6384
666
1649
3272
7890
1562
5250
4014
6174
3956
4020
2262
304
3013
8355
3718
3506
8372
8250
139
4588
9105
5368
88
3961
3566
5773
6560
7825
3724
3880
1032
8810
9257
4468
7870
5432
2785
5165
8644
1440
5465
5422
4482
4927
2246
1603
1958
9247
7477
1001
1406
1017
6477
4462
3144
7809
3280
9262
2743
3665
7320
5442
427
289
6163
3703
1839
2250
2067
8859
2786
604
5190
4880
3003
5930
2981
5352
3126
3545
6970
3306
2507
9773
9187
2540
6064
5848
1946
5806
3551
8175
9691
8036
2241
8028
5050
3142
2090
1403
6490
2516
7399
6034
4710
3350
9663
7620
2018
76
4693
5255
924
4235
8289
2135
6843
5671
655
1125
3805
2385
4902
6095
367
8437
9656
1810
1035
8180
7530
5915
866
2652
4056
9904
2339
5480
9601
305
6237
3110
2132
4992
9275
878
5979
9729
2035
11
8126
1871
6877
1724
8714
1461
3967
7534
6253
2957
731
4527
1660
1524
595
3795
4353
4170
4425
8640
4123
8678
8379
3865
1992
5021
9922
4724
2158
4744
7454
3907
8301
6167
1053
5958
2029
224
5339
9935
4167
7060
546
5355
8518
1364
4110
1957
1358
3896
1263
4805
6010
6905
9503
2954
761
8958
2219
2183
8337
2696
3197
9336
8948
2336
9460
1293
7002
8939
5127
9067
7069
2483
4136
5617
7984
2518
5792
4543
6711
7718
5443
8608
9759
789
8998
4043
8698
8309
7969
5074
2407
6326
9489
4941
7419
180
7034
1016
1235
8934
7948
8378
2267
5336
9440
1507
5033
5206
5266
6943
4942
4106
4342
2663
9976
9188
844
6399
7289
3670
2990
1064
3279
9044
5747
9354
2992
1366
6717
2481
2588
4098
2056
1964
786
9786
6715
298
5415
4536
2501
7827
2001
904
7374
5729
5012
4024
7240
6258
1137
3222
6948
5801
7298
7359
1220
2514
4320
824
5754
2460
6954
3733
3761
3955
7672
1092
5433
5730
4173
1761
2533
9714
4833
7885
4291
448
8997
5042
5374
9082
6739
1450
5932
1711
5725
560
6794
5115
3137
6899
1825
7933
4606
8884
475
3129
5166
1225
1506
9825
2599
8147
4219
5507
1606
9594
9049
7147
5948
9005
9589
3028
3614
2608
256
6493
2549
396
3236
701
8213
2155
8271
5906
8801
3578
4368
7724
5636
3995
2429
7473
935
753
8848
6918
5413
5295
3528
5573
4273
1343
6876
6455
7714
7455
5330
6085
5683
4392
6748
3205
398
1662
5512
5911
2814
1771
4225
6147
3705
7375
9642
1262
3292
4181
7327
5783
2229
902
4896
4409
4505
1113
9839
9124
5822
7869
8422
7097
4197
2960
7496
8975
9934
385
6674
9360
9963
1453
4455
9664
1623
2577
5738
6643
1129
7552
498
9027
2642
48
8953
2026
1182
8523
3959
4448
3252
3900
7758
6102
2694
6726
1953
5849
2882
9651
6373
2983
5959
5134
519
1008
2234
1931
1644
5406
1123
1895
4243
8053
9657
4182
8374
5212
9524
4979
4267
5472
8846
4407
7079
2184
4578
6906
3225
8377
1915
4209
3287
9439
5748
6857
6183
8193
5181
384
5561
7570
7445
770
3411
4477
872
8118
7386
6666
3442
2749
687
4324
8299
2570
2858
5114
3401
6413
2082
6219
5124
8275
5891
3525
155
6637
6664
1211
7881
6196
1432
2209
6007
4877
4682
31
1929
4356
5726
5921
861
1261
4793
7688
6975
9643
1512
5926
5267
8471
3262
3246
4394
4669
5759
7698
2679
1729
8020
4621
1054
1971
2512
4030
5515
6244
5635
6986
6716
8795
812
9844
3688
9584
4149
5546
1855
4005
9533
9011
2678
4559
5057
8421
2021
6266
4923
1732
3247
8766
4218
6450
8561
3276
6193
7285
4447
218
4649
7160
1373
7676
510
491
1214
5649
5529
1573
8217
3122
2258
4627
2452
574
7141
6688
8979
9628
8641
1986
2389
2289
6277
5317
3564
1132
8200
4127
7568
6313
9438
8364
614
6246
993
6980
3634
9448
2744
5293
479
2722
8246
8773
1237
5809
7510
5627
2735
1468
3181
5159
8926
9443
53
8627
8074
8059
7588
6141
5564
3685
6116
1513
6630
8230
4145
2057
5905
4364
7723
7693
1393
2561
1734
2023
6092
8439
26
2723
257
2107
6172
5031
3556
1251
8342
1069
5500
3338
7076
4041
3754
8532
8965
6058
2441
8226
727
7813
1110
3919
9264
2580
8290
4733
2855
7227
3585
3345
9446
764
4215
3166
3693
3983
1421
9767
6742
5987
5802
6741
2330
2805
1349
6155
2077
6077
8424
5763
3562
3468
1518
5752
6342
6798
3659
2104
2758
8111
4126
2213
9698
2396
2562
8654
581
4997
8202
314
1893
939
9581
1126
3253
9215
7266
5366
626
9826
6192
74
2910
5562
831
9792
6774
7131
1392
8711
333
6388
6334
7936
5277
2614
958
2387
7003
4160
7976
4083
2131
7031
4029
721
781
5160
8136
4924
6128
7900
5714
9869
8557
7996
4103
417
3914
8103
7447
6765
3493
6712
915
6202
2179
6170
7572
4062
6071
6140
9037
9128
325
6731
9110
3758
9141
8005
2921
1076
2619
5619
7421
845
1526
4750
2345
1841
7265
2484
8620
554
6753
9078
6871
2424
7048
6909
6013
5010
7460
4363
4751
1138
5227
7864
5454
4566
1359
1894
5772
1444
70
4572
1672
3788
5168
829
7443
208
198
3626
7671
526
4089
7335
8491
4549
3638
2769
4238
1542
6746
6941
578
4237
8495
236
5335
2168
5972
9104
6638
7634
5087
7016
2040
7114
8295
7696
4954
3429
9444
5455
2852
2274
4428
5006
4172
2256
8412
1630
8731
9868
3231
8462
6492
3802
5376
5083
3184
1604
8310
7673
40
4567
6910
9804
3354
8066
6376
4623
1652
7405
2260
3117
7542
8100
2793
3023
6623
4253
3
140
8443
244
9599
4539
455
6556
9001
7395
9311
5000
947
2403
6724
4434
7490
2564
4147
934
2909
6634
8565
1230
6585
7875
9064
2544
6527
2275
9516
9661
4967
8393
1107
2552
1180
7687
6974
9816
4725
2074
9996
4945
9100
4910
1766
5878
9624
9973
2216
9338
7078
3040
1205
4913
6978
1024
7808
6668
972
9913
7882
6707
3543
2085
795
5096
6159
24
6511
5545
4044
28
8541
9325
6964
9638
3831
1470
769
7564
6059
2182
8790
933
4807
8760
3194
2151
6755
8771
767
8692
4105
620
5583
5758
2380
4359
7225
3591
5662
8622
4898
6322
9342
3875
6867
8353
3263
2830
9230
6654
4753
4790
3910
7221
1308
7679
5334
8697
5745
2490
6305
15
3312
1873
1329
9474
8619
8198
3554
9564
828
4075
1765
92
3627
9233
6947
6231
1060
5202
5342
5576
3593
8572
6782
6251
2303
4336
2154
1763
1059
354
4814
4337
2894
2827
3400
7513
4378
3436
788
1899
7540
8467
2789
507
2529
5707
6411
267
7358
3465
5883
4042
1979
3182
1582
2725
8969
5589
8321
3868
9726
2020
7315
556
5243
3706
8392
1982
8767
6921
9076
502
8013
5548
4651
7937
216
4850
8037
5142
5832
6282
1334
3561
1496
1705
3384
9708
8720
6832
3331
6080
6703
3814
7868
8959
563
7437
6138
3114
8169
2187
2885
5386
2819
2681
9990
5992
1976
696
260
6500
2477
2884
8567
4312
9535
2205
8880
3311
5838
5046
3601
1679
9314
9508
3661
2454
5313
339
8924
8274
6639
1703
463
3655
2589
1719
646
8788
3043
2377
3199
3810
3895
5940
4605
2703
8579
1160
1602
5735
7792
623
2541
2185
522
2942
3284
5847
2202
83
6210
2958
2239
1533
1977
1555
9059
1627
66
5925
3413
9239
7092
5742
2985
5912
1005
133
804
5172
1279
2129
7865
6829
8738
6915
9696
3615
7159
7726
8903
7713
233
1197
7083
4037
1372
1462
7258
2709
9372
8995
4741
4006
4217
473
5388
8946
9829
5447
2331
8220
9499
7644
2381
4999
199
5870
5423
4099
1420
7035
4773
6621
9401
1527
7239
7523
9830
8850
5621
7844
9885
2899
5264
5384
710
1743
3700
1849
3282
6754
5408
7331
5458
2489
9030
8666
8145
3781
7645
8155
7026
928
4890
8835
9193
830
9334
7995
9559
3969
2091
5842
6756
9026
1304
5174
9396
1010
1370
3353
9387
3549
9127
1539
434
3850
4202
5256
7277
353
9475
9208
1956
9557
290
3988
8227
9939
6321
6691
9087
9859
2821
4435
1792
6735
5324
4734
5701
2016
7261
8273
3103
5348
4534
9907
6579
8252
3242
8400
8603
9775
2253
5320
8596
6791
2363
1907
7305
4980
2622
8085
1600
3481
3303
1379
1471
9185
205
7799
8121
2386
6612
331
3060
3712
4454
9407
1599
7927
6849
6907
8706
9462
1878
9845
9035
7436
6544
1778
8881
1691
6015
6359
7516
7055
3322
9541
7802
6009
3939
4
2458
6582
1448
940
7191
8595
8501
9793
7113
6079
2352
818
5804
4664
9045
520
9393
3605
2861
6940
5697
1731
41
8977
1939
4366
6096
7924
5860
8320
2261
5945
3648
9385
1169
8740
4028
1676
5109
7492
3934
6274
386
1049
6040
4194
4589
8573
843
1301
2174
6038
8843
9632
8781
7070
2098
5800
6793
61
8257
1950
954
8837
2683
9712
1204
3515
7798
9597
2142
6702
4441
9771
4187
3217
7910
280
7636
7084
8347
1039
8814
6200
8156
9138
213
901
4068
914
5778
4596
9574
6583
6629
2711
9494
7642
2237
3295
1078
2159
4573
4579
1369
167
4504
2358
6661
3820
3756
9909
4417
8862
3037
6723
858
6227
8093
806
8259
43
3447
1273
3308
1067
5638
1027
5253
9472
1590
3301
5061
1292
6805
5785
6997
9992
2051
4586
3200
2872
6160
5151
5217
561
6600
2724
8308
4755
3887
9006
3196
1659
6035
8973
1085
9284
6474
8604
7752
7347
8896
8646
957
4633
6153
8258
2485
942
4625
5710
5957
2420
1375
7923
467
1904
5048
9684
2846
1135
9572
9882
6047
2886
8446
7080
5547
5318
4678
6898
9068
3266
7511
9738
7550
5774
8269
1147
6518
5734
5623
1556
1807
4716
7805
5414
2572
5322
2245
2282
4158
2190
1999
3606
387
3484
2551
9757
5941
2215
3715
3305
6589
6806
9488
7270
3070
3238
9008
9041
1102
6228
8577
930
1086
5360
757
1580
7091
6813
6024
3257
9419
6795
4227
3604
8463
5310
9429
7250
6438
4047
8361
327
2427
9400
8945
6083
6952
5385
9197
4013
2493
3189
8291
1954
444
4064
7902
7692
3996
6214
9667
6233
7526
9777
1786
5043
1313
3833
5998
1502
8304
6393
1077
293
8938
2100
4063
9867
4315
9740
3193
2321
9568
7214
5750
3807
273
324
117
5647
7871
536
2442
4742
4676
5861
7303
6564
2810
8026
262
3732
9780
9523
5791
9955
6946
4715
4088
5947
460
7112
6890
6348
93
2922
4251
5005
8765
8415
1629
6284
7800
5889
9701
6516
2006
5980
9881
2800
8598
6913
3289
5208
7244
705
7632
5491
900
6275
382
7818
8593
7961
4469
2517
7887
9183
8957
7434
1885
4713
3134
1596
3783
7983
6920
1803
6495
794
4658
343
719
3782
9887
5241
2901
1270
4561
315
2566
1483
5416
5306
7054
4704
3057
5373
2157
1015
8708
9908
9918
9558
959
4212
7641
6276
9785
649
3093
2654
8196
1612
4445
6776
2293
7506
5788
8928
643
758
7486
355
4285
1081
2984
4264
8935
986
5936
6166
6809
7497
5220
4905
1538
2341
9644
4495
4772
9216
9315
6655
1094
952
4419
7275
4804
3671
4375
4580
9114
7045
2300
7997
3314
5459
9880
3960
3947
755
7853
5326
6570
3470
1400
404
2013
2471
4988
2857
9852
2628
8855
6316
3228
8672
5910
5163
9065
3412
3862
884
7780
1072
6030
8613
6653
571
4689
2554
5686
8687
8754
8873
303
6523
7662
6903
9012
662
3372
1093
431
5136
4287
5086
3435
8539
961
5345
7015
4348
768
129
2836
9668
132
373
3509
516
9678
7738
4558
2207
5504
1521
9322
1022
1101
8517
4362
2690
4383
6504
5528
2737
6068
1990
6385
3027
6476
7307
784
891
4780
4432
7538
5893
1161
9515
6837
5176
7532
1387
5113
6817
3191
3547
6820
4290
1087
9699
4562
3034
5797
1000
8330
3976
979
6772
5919
6225
7072
2320
3695
6532
6550
2780
962
4513
3784
3787
2631
3381
9302
9265
4824
6966
1638
8135
4819
3905
9033
4442
8917
876
9877
8629
8449
6502
7365
8588
8405
18
9980
3407
898
4958
1442
1121
7165
190
5634
3823
2951
9254
5592
2288
4108
8895
3799
1201
7543
8141
7319
4994
5765
3567
9760
258
791
8941
4707
8951
9920
2923
2692
1
2859
4788
4525
3078
9501
5843
908
684
7036
7626
576
6770
7125
5953
3918
8219
897
5450
8224
5497
9784
7020
3208
4970
2491
206
7136
9207
4352
2845
8131
338
8039
8824
6410
7138
2434
5232
2404
7595
1122
700
1335
3119
55
1011
8011
8582
9769
5494
3789
4775
5588
810
6675
6287
5298
3584
4022
5886
5272
4423
2497
4155
202
7907
6430
1656
8842
2673
9038
3769
6811
4533
5539
9924
5900
8419
6721
3978
2199
4570
8016
6098
6686
746
4583
9692
3423
7425
1727
9320
787
3610
6435
5776
2752
7665
1890
4431
1867
5440
8964
9912
8838
4082
6434
6120
4948
2604
1239
3098
3021
3067
9052
3951
7157
9232
5844
2312
5931
6382
9512
5035
7536
9172
9156
5103
808
263
3628
4501
212
3508
4789
6804
3277
6182
1380
9647
2822
734
3743
6968
4463
8988
6256
1891
3818
5666
9186
8254
7186
4096
4065
4609
5037
456
8872
9323
1199
6900
4328
420
524
9588
9177
462
3161
4143
716
2674
6045
6575
3201
5461
4097
4257
8560
1057
1726
1103
9850
665
3491
8069
2426
1460
1043
8024
3728
5904
618
3801
6759
6427
2045
4384
7715
2068
745
9083
6110
4846
8601
2931
3139
5722
1952
3876
5053
2084
5608
3573
1718
6626
763
2799
2812
5238
222
2437
2203
7370
6934
2653
3930
6012
8831
9994
6151
2818
5362
9704
2136
992
718
7880
1260
2355
1544
5990
1428
7776
3204
7056
3298
1119
476
8051
9256
2851
8581
2335
5247
6543
8098
5034
246
1083
7904
8124
7670
7038
5199
7918
1654
4411
8822
5581
4072
4855
8545
8932
8023
8748
7195
2980
3223
9399
7592
2252
1934
6369
3639
408
3444
1133
6790
7301
2542
8216
372
1648
8493
113
9891
3461
5068
2586
248
9296
2028
5639
8521
4907
7440
1944
5816
4821
4888
1174
1231
8343
3925
9478
9736
7593
161
7562
9798
1399
7380
4060
9077
1918
1793
1751
9975
9974
733
4856
2388
5577
7955
4137
413
4276
2188
7846
4531
9203
5681
8710
6018
9066
5332
1980
3637
7271
5475
3731
6611
7782
7183
9607
7352
9404
9099
7549
1925
9722
5062
2691
253
2399
8727
278
6472
3668
5498
3319
9469
6789
6339
3594
6822
2334
5780
2956
6507
9374
9817
2970
2718
1391
3520
3616
1499
1105
528
4213
9959
9245
2764
2395
3416
636
7727
8084
7233
7548
8991
2301
601
8607
5880
7610
709
5951
7238
3425
6303
3940
8894
77
3012
8296
8639
3765
4011
2706
8276
5970
8381
8425
2180
8268
2996
7892
680
6232
4496
5143
6501
9495
5197
6364
7391
3486
8143
9192
9688
8898
4998
953
9164
9136
6836
1570
7279
834
9359
3485
2757
2476
1613
1869
6422
5559
3453
4519
7619
8864
4499
1079
4412
101
242
4882
6644
3658
9573
2804
8077
4281
8316
2629
7127
4781
6443
7280
8025
8580
8575
7840
3897
5361
6181
3426
5566
8004
907
8861
6608
7197
6760
6054
1682
3112
9766
7235
6942
5960
6763
5764
998
4079
1061
5558
5195
1150
4298
2332
995
4899
8148
7245
3052
1635
7812
6701
5282
863
9479
4637
6093
6875
693
8753
2853
7594
4839
4608
4759
5426
1611
3989
5305
862
4239
7426
7339
2519
5668
3938
1394
1332
7122
430
3092
3576
1678
5753
8499
112
1912
7600
1967
1781
6022
2294
7107
1916
8149
8166
8218
3148
8553
454
8981
5486
9202
7762
4610
9911
3195
7106
821
9343
2072
2370
36
3992
8015
4100
1274
9528
8474
3569
3702
4430
3039
403
7220
1472
847
8420
8763
547
5077
8668
2750
9898
4995
7385
5851
925
2927
905
2531
1179
8080
310
7484
9395
1115
9073
9640
4684
8022
4373
9071
5254
9669
980
7648
5285
9659
9376
6622
9455
2934
4002
3414
4972
9155
2864
2225
2162
1998
6827
7691
8922
7730
8333
6293
8209
102
239
6818
274
9837
461
9849
2607
4135
4256
7161
6097
9017
3038
4248
2854
5888
5044
5538
4310
2264
8829
5162
7836
2043
2695
9723
8366
5411
5720
3666
4196
5287
9194
4603
6599
2664
8072
6236
5604
8470
8653
4275
5138
7093
4897
882
8655
7862
4799
5819
1683
232
1347
1152
4761
5346
7119
8531
2410
1164
3676
1315
1356
5955
4192
433
9774
9660
3135
6988
5977
5503
1795
7717
2526
3877
6929
2379
3533
4343
7085
751
1023
3419
1560
3369
1020
9029
5963
6896
8900
9683
2609
7204
5913
4201
1790
6248
4138
3359
7312
2340
4046
5644
6635
6396
9540
6328
7203
2243
5782
4535
7861
558
79
7829
8287
4786
9731
1075
9675
8993
2843
8860
2701
3397
9569
1750
6752
2186
7439
1753
4568
5916
9333
7324
4153
774
5551
6973
4886
9713
3920
6125
8670
9823
1970
2128
7719
8633
300
1593
2217
5169
4429
9721
5407
3521
3523
7647
1819
6213
7178
5817
6337
9362
3839
1482
5064
7842
7697
5180
1295
6122
5425
2494
2597
6989
6977
2657
1646
1969
3694
5349
5603
1280
7033
2776
9331
9237
5582
5540
9753
7468
9650
4179
8068
4620
7527
6475
8914
9631
5094
5493
6745
6631
6056
9940
4532
7541
6365
3041
1484
235
3813
606
3036
7422
1404
3316
4818
1044
9227
6263
9096
7288
2435
2364
1738
1142
2453
5211
7278
5099
1196
5709
1833
5060
4866
3560
8992
2308
790
5743
7156
1905
6254
3977
6298
2712
9737
6460
5521
3513
3937
9101
5009
8779
8241
4838
9537
1955
1566
9709
6751
593
4752
1860
6568
2338
1715
425
5446
7962
8012
7973
9189
7815
8327
2742
5944
6044
4350
3757
3089
5402
8452
4481
8201
6722
6441
9749
1811
1699
3492
8910
9876
118
6683
9441
3502
9717
6065
4406
4792
8574
6833
2374
5410
4965
3115
511
8323
3467
7153
6423
1475
6847
4857
6520
8683
8691
8460
7194
4771
6698
9575
1653
661
6859
7709
9251
9593
678
8009
3589
1296
2390
9143
6355
8427
1207
8736
2208
8215
8266
120
8450
6317
9991
6801
9054
5049
4672
2567
9394
2680
9381
6959
8341
842
4241
6327
6146
5835
1408
159
4864
7585
3290
51
7348
1424
7474
6118
6156
6195
1143
860
378
8770
2511
5526
8974
6616
3981
8721
3215
7779
3575
3794
5167
4270
5841
7004
7637
1480
3966
2115
9420
1362
3167
4528
573
8704
7689
2733
3890
6979
2867
6821
6758
5280
3811
9958
3921
2436
8576
6011
2411
6657
552
1252
777
9754
2773
3704
624
7388
5448
2833
5095
9403
6678
895
2265
335
6667
6444
802
5189
3559
737
7287
3087
7520
5971
7879
1033
3216
3942
4509
6330
2879
405
4021
2305
64
6367
851
2896
5278
6042
8685
8176
7099
5375
7735
2693
2961
2148
9380
8331
5834
8819
868
5387
7635
1255
1927
6962
3958
7857
1253
6587
1680
1549
9500
2432
5749
6706
9084
3716
4233
3105
358
2521
1300
8002
9046
2123
1671
4860
1048
9161
2856
4101
836
7452
2126
389
3227
7218
332
6356
9018
8510
5643
8238
1071
7899
8094
4800
5969
3720
3931
988
6176
5488
4801
7618
4721
2527
7856
7749
2991
2528
3347
9671
6916
9199
457
852
2824
9937
3773
760
8383
9139
6958
1275
7975
9159
9301
381
3261
3750
3127
9458
5452
4418
1046
4223
5596
1940
8587
589
6062
1528
4884
8034
9532
1130
7921
3690
6483
3852
4443
1344
7396
9702
9763
6662
984
2270
9633
3663
9895
5611
9862
22
5343
210
3300
715
322
9936
9609
3535
8280
594
6764
9294
1641
275
5593
3218
2891
6478
4904
1219
6273
8930
8231
1673
2027
2625
7187
5022
2686
4436
3059
7228
5029
4932
8139
7226
5994
8547
3432
7223
9056
3772
6372
4199
5560
4491
9430
7582
9797
2777
2988
3800
8188
6448
602
3514
4168
4440
6825
641
6105
7750
3602
6107
6834
4550
544
2829
9091
3373
9865
5080
9250
3664
2862
124
2630
8883
5040
8769
2463
1192
3826
8055
2047
667
3054
49
5358
2509
4617
9618
5901
9132
2847
6534
7625
9884
8315
5789
2738
8985
1025
4282
1045
9854
7326
1752
9639
7007
136
4973
337
9184
4484
9960
3542
7050
1783
5118
3498
6451
495
4663
174
6604
3100
6647
8472
608
3346
1395
7631
8114
6442
7571
7509
1120
3849
5027
6784
8857
4465
5054
5869
7555
1456
186
2914
6967
5798
9309
2620
1568
8723
1911
9484
5554
3600
9842
3888
7920
2716
1127
616
6220
3466
9125
2624
9384
1354
6937
4467
964
9821
3051
4634
5135
9556
6687
9140
3590
838
3020
9356
6878
9585
4389
4286
4730
3220
1749
269
6257
8703
7414
5193
6280
3974
178
7417
4393
2655
6409
548
793
5186
977
8125
69
584
5354
8190
4053
8990
9330
1141
9258
6067
7105
4517
6545
1488
410
3431
4387
5524
4604
3538
5567
7118
33
5829
2806
3697
9266
9580
8354
8444
4668
3644
6538
4400
437
1917
8789
6433
6392
1427
625
5308
5678
5568
3090
283
3748
4404
797
7406
147
1104
1592
4867
1178
2398
6292
5922
5449
943
2636
8509
3271
7886
5108
1572
4371
7420
5918
5101
5434
7810
9801
8911
9612
8270
3987
9685
2348
282
1351
799
663
9896
4743
189
9782
4204
1772
9321
7652
1155
6613
7199
6194
9789
6297
5501
9243
9873
2457
7017
1928
2382
1932
8128
6558
2784
9398
3580
1229
3325
8529
5260
2600
7028
2929
4255
8229
8328
7512
3529
1176
7269
6078
931
219
6496
8892
7318
523
1466
5499
8537
3086
3579
7960
6307
6296
9521
6419
6648
5510
9997
4901
7230
2375
7531
3471
3722
9719
2231
1801
588
8937
6870
9531
8285
5304
6983
4023
8179
5123
8061
4198
9123
5718
865
9010
5694
3785
4081
7991
5572
7694
6300
6145
9620
1360
7553
8600
3710
1892
458
5805
9074
1497
2699
3948
6358
5654
8445
6769
7889
5117
8502
683
7767
3855
415
9024
3746
6436
1809
4107
9487
8968
1434
6290
153
4624
8852
7381
8805
3403
9149
1664
7567
4025
5291
4104
2059
7011
6343
3574
7164
5831
3281
1374
5716
7378
5058
9703
537
1808
7140
4311
9204
8040
7202
4229
8758
131
5517
3417
6209
9832
5902
859
5467
8480
2149
8611
3871
8306
599
5866
2781
9117
1896
1561
7254
8233
2641
1227
2850
3340
669
9167
7734
9916
6020
9493
8058
223
9151
9450
8133
535
3202
5030
2839
2251
8722
4250
5224
1018
6465
2994
8569
6578
2206
6191
7622
1935
1735
1510
119
6563
4675
1254
9222
9316
4175
8628
610
6395
2405
9529
2311
9795
3390
3651
5682
6944
7566
4369
9298
6162
3698
5110
440
8916
7120
6665
7411
7188
6350
1221
5231
729
4723
4294
9057
7236
1788
299
7173
8057
9742
2
5737
3396
9378
5215
2828
7467
9248
6848
562
2908
6394
2344
6853
8944
6405
8546
994
2318
5471
4488
7369
3118
5796
2660
5144
499
8046
877
6796
9645
4845
8849
7129
9319
5854
7953
2360
948
2782
7617
175
1194
8728
6931
7268
9655
9561
8436
4638
3993
5584
4449
9606
4183
2835
6891
9402
4611
2539
432
8645
6936
9416
1038
7461
3375
4485
1557
5505
3330
170
6588
3288
631
1459
4321
8686
6609
6428
7728
2965
3002
7803
2192
5128
1357
8248
4802
1588
1307
7457
3734
4712
2933
7646
2644
7162
9654
2036
9483
5052
9809
9987
5939
2538
3065
2061
1202
2745
5693
717
7956
7934
2278
2708
2684
1859
3555
4221
6043
8311
9297
5991
6055
6580
8207
1342
8104
5527
586
3884
5821
1667
5700
7441
3147
1529
1639
2610
5555
1684
1240
6669
1617
2761
1922
6869
6530
3684
1862
4718
3245
9834
493
7783
6807
9914
8986
2384
6467
7029
2000
8336
2590
849
1926
4272
2003
7797
2298
5872
7806
4963
7094
3081
2949
2876
9486
3899
4323
2889
2313
3237
7643
9115
651
8636
9220
9611
4795
7180
8206
3365
2971
5975
3870
1333
1080
2144
7309
3517
3334
1919
8605
8681
7628
9016
2050
2469
7189
2114
9255
2461
7987
8662
738
5876
3768
1350
5047
676
2310
7914
8830
5218
5380
690
4587
2240
7501
6539
6902
6696
2372
2615
2204
2146
7077
8759
8027
6923
3821
44
2955
2279
9820
7400
1037
8877
4038
3713
1140
7224
4325
2223
2337
9413
3072
8739
2762
9752
106
1823
3480
5036
8317
4986
1831
7163
188
6693
6884
5702
2030
7313
4070
730
6659
5063
7001
8904
9133
1832
8352
9324
622
7095
3790
9178
7360
9267
5300
539
1610
7599
1791
8984
5152
7504
3558
2783
4717
3643
1558
7062
7351
2598
8281
8360
3530
3302
58
9278
3185
3370
3522
8996
2713
6615
9748
3609
5530
7284
9040
4865
3293
4951
1287
8382
5746
3687
8043
7418
3088
1247
5214
3335
711
8041
2997
9191
7293
6935
7722
86
6291
2637
3740
7185
3678
200
2359
8809
5237
7823
2178
5976
6569
3451
892
4479
347
7711
8876
157
3106
17
9288
5514
4210
8293
8800
4957
2766
8067
5311
6865
1327
7614
9954
7151
1742
4427
8404
4076
814
9919
9803
5316
3255
4768
688
6939
4702
3973
3760
1422
2075
5646
183
2907
6100
2697
654
9176
7171
4113
3150
1478
6620
2755
8682
7198
7158
5129
617
3274
6381
3096
5379
4516
6617
1834
5262
9158
2073
3131
308
350
7922
9392
2732
9764
2226
8885
2423
6897
6828
8870
8359
7587
3932
6692
9080
4971
1435
3180
6862
8431
1443
1454
8745
2739
8380
503
1601
5288
5762
2392
8578
7993
6344
254
3933
5570
9426
8140
5541
6689
1856
2765
3755
2689
8117
2479
9253
6815
3642
5137
3894
9173
2903
4885
3975
1098
3775
2156
3727
6860
7433
2651
5179
7255
3548
2571
5871
7787
1721
7149
5294
6732
596
4193
7479
6315
6785
8612
6515
6951
1723
1474
1960
4688
5897
6690
6645
4524
5271
2103
4154
9552
4614
8409
9157
9205
7926
2292
2353
508
6026
8583
5017
1257
2979
5928
3912
3972
8334
5170
6268
497
9286
7950
1695
1108
8205
3071
4964
7909
8783
2887
4920
8112
5107
5441
5894
4722
6930
2165
3842
4244
8741
1209
7521
9295
7212
9981
4726
9565
5757
4584
8869
4309
7721
8245
3006
1535
7624
5827
6016
611
4851
1696
2034
4683
6189
1026
369
4473
8391
7367
8888
8123
5818
5495
582
1413
1725
4785
7560
5699
9198
7030
395
1446
9932
1091
1065
7874
2113
4644
3079
8807
9641
6301
5899
7951
6672
2046
4597
9811
7831
8174
4466
963
1973
1009
3536
5205
805
4268
6866
1111
9693
4345
8834
3531
8001
4451
4319
9466
416
8696
7469
5677
1148
1485
8154
5845
7911
3622
9886
359
5409
6540
4036
4339
8468
2671
8971
4510
2883
8734
2524
6768
7659
13
1576
3405
3382
1058
8370
8113
6329
5968
4091
5457
1645
6226
1031
3829
4576
8524
7740
3990
4977
644
6173
9812
8102
5642
5929
7946
2222
8130
9961
5665
4222
9180
2719
3230
8757
553
4929
8724
3377
819
9525
8469
4565
5760
5038
7971
6911
272
4184
6418
5225
3753
555
3198
3608
81
6591
1340
3534
9583
1692
4595
7330
621
8052
316
8591
4374
5885
8963
8286
740
8050
2612
5164
2548
4386
3770
2670
14
8349
7489
3410
2900
2447
9412
1281
2070
9036
5637
6597
4858
1618
1800
1651
7371
8674
6117
1938
4632
128
4230
4607
8396
6002
4307
4655
9293
2520
7356
1710
5121
2605
2832
3462
6440
8167
8433
4115
8764
3949
2443
1824
152
1776
5799
8887
484
8106
923
2438
3153
3524
9744
2682
9304
6295
1949
9781
6241
6374
3383
5949
4700
4093
6406
5648
8893
423
9179
9118
9482
4207
867
1449
7262
2505
6452
8134
8752
3385
2499
3374
1619
5741
966
6389
3450
3035
9497
4600
5284
4078
5690
9383
2276
8183
8249
3309
883
9081
8505
2031
6537
1291
2754
9305
7929
7764
8042
1331
7769
1829
754
8700
3621
2775
9415
5437
145
4931
9988
412
6924
4705
9796
1166
187
9363
2244
3058
78
2626
1875
2707
2860
9653
4895
8707
3603
6603
5397
909
4195
3819
6488
1415
1882
1451
2925
7184
2421
2448
9915
7854
723
84
7777
4385
7483
8071
3623
5680
685
3487
5089
5874
6104
5597
6996
3742
7124
7377
1547
5364
3424
2058
8933
8466
4642
7917
1836
6390
7241
3163
4380
3526
2125
1417
5685
5964
5779
4691
3448
2127
8522
8550
3173
7657
1574
881
7863
3841
135
9375
8615
660
1523
2569
286
3544
3001
4382
4791
6565
8030
4351
8127
1514
6932
4254
1965
5140
4612
541
9335
9273
8239
6908
214
7146
7547
2623
855
5395
1019
8288
1579
7830
3879
8777
2049
5185
3477
937
234
1552
1813
4365
2468
6991
8902
2196
2710
3241
3730
9002
5082
4224
7525
4938
1248
7893
8584
647
5781
2751
56
5325
2347
8208
1840
4156
2356
3812
3692
839
9313
997
7200
2669
9000
7444
9730
2017
8651
7982
107
6838
1426
5771
35
2661
1494
9108
3682
8712
6261
8292
482
4265
6288
5767
6950
100
3711
3964
6610
6577
2120
4274
2953
8806
82
5739
3943
6725
2273
6032
6188
4246
2643
7291
7518
3211
6458
9285
8656
5007
7247
4452
3640
2472
165
6308
9727
2221
2053
7472
4144
8918
8506
2687
7546
4292
2342
3527
1505
591
8625
9039
826
6001
4186
6494
8448
3210
5688
7260
8390
5859
1854
9339
9732
1785
7459
3445
6826
3267
196
4666
7747
1118
1222
7438
470
6070
9219
8010
3714
2181
8255
6003
8794
2581
3415
2445
3076
2014
4613
5081
1605
7763
8457
7629
7824
5418
8650
7898
7334
875
1302
3229
1608
9042
6017
472
5552
2672
5655
5586
5201
7699
6306
7259
3085
1361
8325
1997
8447
686
5421
6855
4500
9242
9504
3853
8181
2290
4426
4245
54
8138
4508
8260
5383
5803
7766
2137
1162
3539
4305
4439
557
6927
9414
8906
401
2746
3111
9388
2639
6103
5464
3496
6886
7066
2130
4922
5331
426
8525
1267
5381
6143
6391
722
3443
5188
1814
6976
1290
9718
4916
3190
3723
3565
3418
7332
1609
8211
8492
6224
5605
6088
9290
8105
2307
3636
184
5228
3598
1163
7828
8606
7903
5598
1285
579
2759
1537
3803
108
489
4370
7761
2731
8515
6624
5724
8335
4946
225
9327
9925
4835
7858
249
3138
6404
3235
8775
8742
9134
3169
2440
671
7058
424
34
8719
3362
20
6695
4641
3214
775
9060
9181
3073
2317
9406
3179
5536
4478
3752
4486
6221
6150
342
6379
2394
3762
7788
5658
9921
3654
8350
564
9160
8634

